1.3620015 -0.0717897 -0.0276499 -0.0583955 -0.0417241 0.5282349 -0.0188652 -0.0549999 -0.0753498 -0.0564456 -0.0367326 -0.0244751 -0.0329928 -0.0439045 -0.0226876 -0.0339942 -0.0398639 -0.0173194 -0.0495264 0.5137711 -0.0580104 -0.0059655 -0.0240490 -0.0321860 -0.0536808 -0.0370668 -0.0232053 -0.0285889 -0.0466836 -0.0462969 -0.0421767 0.4885656 -0.0572029 0.0032222 -0.0497292 -0.0542045 -0.0258850 -0.0554381 -0.0101308 -0.0456026 -0.0481768 -0.0414415 -0.0021926 -0.0439281 -0.0510479 -0.0557708 -0.0819090 -0.0846341 -0.0295871 -0.0094625 -0.0573494 -0.0281278 -0.0133196 -0.0541762 -0.0505374 -0.0458450 -0.0549631 -0.0144864 0.0238768 -0.0401814 -0.0370748 -0.0543498 -0.0473673 -0.0364710 -0.0402520 0.1298965 -0.0244173
-0.0717897 1.1890985 0.1589304 0.0566147 0.1599932 -0.0666447 -0.0281449 -0.0809541 0.0601408 -0.0580123 -0.0019996 0.1721438 -0.0307883 -0.0664990 0.0665201 -0.0949627 -0.0441044 -0.0678994 0.0653661 -0.0922234 -0.0889176 0.0255777 0.2642581 0.0240686 -0.0828042 -0.0543787 -0.0779449 -0.0815355 0.0761179 -0.0790201 -0.0035870 -0.0099361 -0.0765821 -0.0309484 -0.0859297 -0.0843770 0.0043543 -0.0764240 -0.0623747 -0.0888311 0.0481770 -0.0457460 0.0567204 -0.0794145 -0.0591800 -0.0657833 0.1644112 0.1086619 -0.0358794 -0.0820938 -0.0882379 0.2757396 0.1580171 -0.0888313 0.0388306 -0.0661761 0.0526568 0.0240649 0.0223738 -0.0957899 -0.0634272 -0.0573624 -0.0752931 0.0249199 -0.0604269 0.0087222 -0.0356157
-0.0276499 0.1589304 1.3636740 -0.0525465 0.4384832 0.0037107 -0.0241355 -0.0504644 -0.0105282 0.0049430 -0.0475059 0.4935185 -0.0424252 -0.0418829 0.0574304 -0.0486548 -0.0218543 -0.0599025 -0.0531654 -0.0490643 0.1342550 -0.0306240 -0.0643792 -0.0561311 -0.0723147 -0.0049374 -0.0382953 -0.0670227 -0.0308536 -0.0731084 -0.0474743 -0.0469011 -0.0447490 -0.0510736 -0.0467020 -0.0740193 -0.0509759 -0.0417207 -0.0668042 -0.0447625 -0.0498736 -0.0243585 -0.0330592 -0.0744910 -0.0369361 -0.0739002 -0.0577161 -0.0374057 -0.0332826 -0.0425728 0.1366381 -0.0659916 0.5027280 -0.0563240 -0.0514503 -0.0364534 -0.0214713 0.0871088 -0.0444633 -0.0494988 -0.0071430 -0.0702962 -0.0795199 -0.0682841 0.0089067 -0.0218186 -0.0486562
-0.0583955 0.0566147 -0.0525465 1.0456202 -0.0606963 -0.0453984 -0.0765479 0.0298423 0.0904300 -0.0609301 0.0556973 -0.0663841 -0.0429282 -0.0628402 0.0778953 -0.0577391 -0.0248742 -0.0618688 0.0592929 -0.0586430 -0.0797624 0.0870231 -0.0061255 0.0884203 -0.0722573 0.1016534 -0.0391373 -0.0579748 0.1057781 -0.0851519 0.0046992 -0.0766167 -0.0647813 -0.0663123 -0.0528524 -0.0720262 0.0059198 -0.0638913 -0.0724089 -0.0122331 0.0922238 -0.0253240 0.0928875 -0.0846000 -0.0659395 -0.0838675 0.1005279 0.1024113 0.0119055 -0.0425085 -0.0818011 -0.0012928 -0.0680549 -0.0741500 0.0702168 -0.0665321 0.0751739 -0.0706649 0.0967863 -0.0564825 0.0994112 -0.0813068 -0.0831547 0.0945273 0.0987255 0.0714859 -0.0617789
-0.0417241 0.1599932 0.4384832 -0.0606963 1.3106401 -0.0117901 -0.0150044 -0.0528275 -0.0258997 0.0025457 -0.0570218 0.4716211 0.0145978 -0.0472480 0.0339756 -0.0720122 -0.0324067 -0.0517388 -0.0559890 -0.0482759 -0.0923513 -0.0559009 -0.0645492 -0.0716076 -0.0600407 -0.0201164 -0.0441945 0.0133305 -0.0375523 -0.0464909 0.0009908 -0.0587999 -0.0463933 -0.0404026 -0.0471936 -0.0627932 -0.0003996 -0.0445337 -0.0416040 -0.0627823 -0.0500920 -0.0344632 -0.0385131 -0.0486611 -0.0431050 0.0831850 -0.0353397 -0.0201071 -0.0460235 -0.0426277 -0.0918376 -0.0558486 0.4714696 -0.0674114 -0.0134683 -0.0436581 -0.0192060 0.0939896 -0.0533379 -0.0716651 -0.0241632 0.0860360 -0.0434727 -0.0609495 -0.0201621 -0.0411151 0.0051242
0.5282349 -0.0666447 0.0037107 -0.0453984 -0.0117901 1.3274465 -0.0394383 -0.0550510 -0.0651142 -0.0304868 -0.0233962 0.0066341 -0.0375292 -0.0482020 0.0005990 -0.0473085 -0.0427179 -0.0236790 -0.0465467 0.4869159 -0.0704745 0.0108026 -0.0821674 -0.0184791 -0.0706954 -0.0272788 -0.0489303 -0.0354595 -0.0251787 -0.0360237 -0.0361069 0.4321189 -0.0367248 -0.0205552 -0.0671127 -0.0716197 -0.0209378 -0.0344960 -0.0248117 -0.0529318 -0.0377107 -0.0443246 0.0165684 -0.0340467 -0.0560886 -0.0622575 -0.0793851 -0.0682017 -0.0236630 -0.0361931 -0.0693909 -0.0866525 0.0183840 -0.0701083 -0.0300055 -0.0497203 -0.0376879 -0.0250251 0.0445974 -0.0533627 -0.0275890 -0.0619696 -0.0387935 -0.0168187 -0.0294404 0.1445732 -0.0381965
-0.0188652 -0.0281449 -0.0241355 -0.0765479 -0.0150044 -0.0394383 1.4307860 0.1312441 -0.0018035 -0.0315411 -0.0334626 -0.0160907 -0.0342064 -0.0420631 -0.0750686 -0.0370535 -0.0512044 0.0432636 0.1818999 0.0116268 -0.0203039 -0.0247595 -0.0401592 0.0162041 -0.0542178 -0.0482222 -0.0442956 -0.0548167 -0.0644191 -0.0610453 -0.0581087 -0.0663619 -0.0441790 0.5749938 -0.0614928 -0.0572004 -0.0643811 -0.0450376 0.5262140 -0.0291424 -0.0187869 -0.0527601 -0.0994308 -0.0601326 -0.0471275 -0.0354672 -0.0186579 -0.0389043 -0.0618430 -0.0450667 -0.0166716 -0.0332000 -0.0302672 -0.0578770 -0.0775891 -0.0413470 -0.0096245 0.4561481 -0.0913454 -0.0327300 -0.0491242 -0.0348557 -0.0631780 -0.0232031 -0.0510088 -0.0968499 -0.0378934
-0.0549999 -0.0809541 -0.0504644 0.0298423 -0.0528275 -0.0550510 0.1312441 1.1345748 0.0199517 -0.0205377 -0.0229578 -0.0605188 -0.0076657 -0.0537527 -0.0333057 0.0199199 -0.0487247 -0.0315520 0.0184592 -0.0401736 -0.0574359 -0.0156339 -0.0926486 0.0095217 -0.0699195 0.2530830 0.0774913 -0.0183595 -0.0419681 -0.0585353 -0.0204273 -0.0880296 -0.0253302 0.1188109 0.0523898 -0.0719257 -0.0286428 -0.0254290 0.1219081 0.0707683 0.0012029 -0.0488004 -0.0486786 -0.0568136 -0.0596344 -0.0363082 -0.0418279 -0.0338388 -0.0332977 0.0782596 -0.0586429 -0.0884767 -0.0564908 -0.0694208 -0.0373673 -0.0557801 -0.0284733 0.0847310 -0.0163737 0.0225992 0.2600629 -0.0375921 -0.0573585 -0.0045334 0.2512491 -0.0374990 -0.0113680
-0.0753498 0.0601408 -0.0105282 0.0904300 -0.0258997 -0.0651142 -0.0018035 0.0199517 1.1048384 -0.0736669 0.0565117 -0.0210813 -0.0837894 -0.0749307 0.0946437 -0.0993623 -0.0484555 -0.0727129 0.0813732 -0.0752205 -0.0717617 0.0929568 -0.0655448 0.0860226 -0.0560072 -0.0381707 0.1498884 -0.0408388 0.1142071 -0.1048203 -0.0381796 -0.1091195 -0.0795734 0.0010472 0.1045735 -0.0559100 -0.0389997 -0.0785448 -0.0292843 0.0334446 0.1646715 -0.0497414 0.0822421 -0.1052397 -0.0741133 -0.1014654 0.0954527 0.1019942 -0.0059729 0.1482369 -0.0725132 -0.0614382 -0.0239776 -0.0595904 0.0511232 -0.0770989 0.0930996 0.0046265 0.0912859 -0.0979250 -0.0432723 -0.0959461 -0.1044107 0.0918635 -0.0388211 0.0595428 -0.0965836
-0.0564456 -0.0580123 0.0049430 -0.0609301 0.0025457 -0.0304868 -0.0315411 -0.0205377 -0.0736669 1.5569113 -0.0264994 0.0125702 -0.0400423 -0.0516845 -0.0464618 -0.0342713 -0.0553986 -0.0473598 -0.0636619 -0.0104356 -0.0438769 -0.0571612 0.0163144 -0.0690936 -0.0034414 -0.0345602 -0.0550549 -0.0344042 -0.0288598 -0.0547921 -0.0499276 -0.0514130 0.8600971 -0.0532060 0.0521066 -0.0068723 -0.0464377 0.8625817 0.0597084 -0.0608968 -0.0805982 -0.0566875 -0.0535855 -0.0543423 -0.0414660 -0.0386802 -0.0807718 -0.0540263 -0.0519489 -0.0494873 -0.0440370 -0.0243141 0.0126004 -0.0015617 -0.0289479 -0.0477015 -0.0627427 -0.0314450 -0.0142378 -0.0331499 -0.0272475 -0.0403842 -0.0530027 -0.0308785 -0.0397938 -0.0362605 -0.0371712
-0.0367326 -0.0019996 -0.0475059 0.0556973 -0.0570218 -0.0233962 -0.0334626 -0.0229578 0.0565117 -0.0264994 1.0451652 -0.0584796 -0.0384560 -0.0539391 0.0569752 -0.0506411 0.2440217 -0.0425903 0.0465765 -0.0296187 -0.0596261 0.0816672 -0.1064306 0.0769311 -0.0785375 -0.0394598 -0.0537353 -0.0479279 0.0754179 -0.0825067 0.0035401 -0.0866289 -0.0306594 -0.0257122 -0.0599627 -0.0785068 0.0005173 -0.0285306 -0.0251650 -0.0101645 0.0738169 0.2488964 0.0642534 -0.0825077 -0.0583721 -0.0697811 0.0414559 0.0616693 0.1872316 -0.0553558 -0.0599180 -0.1067064 -0.0625490 -0.0771857 0.0543712 -0.0571351 0.0977432 -0.0389849 0.0671479 -0.0492523 -0.0417599 -0.0690627 -0.0824266 0.0712529 -0.0400466 0.0585295 -0.0615028
-0.0244751 0.1721438 0.4935185 -0.0663841 0.4716211 0.0066341 -0.0160907 -0.0605188 -0.0210813 0.0125702 -0.0584796 1.3380749 -0.0276540 -0.0336337 0.0425991 -0.0313107 -0.0291798 -0.0457917 -0.0567341 -0.0432560 -0.0600278 -0.0574623 -0.0560876 -0.0742837 -0.0518830 -0.0324211 -0.0383791 -0.0664906 -0.0416700 -0.0353723 -0.0379190 -0.0411202 -0.0383020 -0.0414024 -0.0334571 -0.0538205 -0.0399722 -0.0358625 -0.0538523 -0.0338116 -0.0529761 -0.0309176 -0.0438151 -0.0367927 -0.0268392 -0.0394822 -0.0463103 -0.0306749 -0.0408894 -0.0369233 -0.0596842 -0.0498719 0.5200667 -0.0551441 -0.0426815 -0.0283488 -0.0219741 0.1071172 -0.0551392 -0.0317182 -0.0349545 -0.0383032 -0.0335197 -0.0757578 -0.0273908 -0.0325639 -0.0341079
-0.0329928 -0.0307883 -0.0424252 -0.0429282 0.0145978 -0.0375292 -0.0342064 -0.0076657 -0.0837894 -0.0400423 -0.0384560 -0.0276540 1.3381497 -0.0412871 -0.0555216 -0.0506452 -0.0265319 0.0037202 -0.0625440 -0.0378945 -0.0473496 -0.0582136 -0.0391523 -0.0530713 -0.0586853 -0.0332380 -0.0267989 -0.0426934 -0.0554855 -0.0598752 0.4474250 -0.0476763 -0.0524015 -0.0372872 -0.0448513 -0.0598914 0.4442505 -0.0515691 0.0581361 0.0144142 -0.0776606 -0.0266521 0.0182716 -0.0585857 -0.0448538 -0.0569231 -0.0458238 -0.0205837 -0.0258135 -0.0191743 -0.0477141 -0.0328231 -0.0314567 -0.0590381 0.0976394 -0.0437910 -0.0572698 -0.0548607 -0.0579684 -0.0517855 -0.0311520 -0.0512168 -0.0567973 -0.0434281 -0.0313846 -0.0483626 0.5214868
-0.0439045 -0.0664990 -0.0418829 -0.0628402 -0.0472480 -0.0482020 -0.0420631 -0.0537527 -0.0749307 -0.0516845 -0.0539391 -0.0336337 -0.0412871 1.3742222 -0.0456655 -0.0160424 -0.0559909 0.4379795 -0.0478223 -0.0449792 -0.0317880 -0.0477946 -0.0213035 -0.0362970 -0.0303785 -0.0436537 -0.0402086 0.0509109 -0.0699171 -0.0326112 -0.0493673 -0.0177584 -0.0349554 -0.0394323 0.0898422 -0.0320320 -0.0530091 -0.0345298 -0.0532890 -0.0559626 -0.0730980 -0.0576449 -0.0462590 -0.0333964 0.6247014 -0.0161644 -0.0620587 -0.0645017 -0.0583093 -0.0377173 -0.0300814 -0.0164954 -0.0200018 -0.0302480 -0.0523575 0.6252158 -0.0562377 -0.0457788 -0.0558796 -0.0136664 -0.0401032 -0.0141256 -0.0291509 -0.0469498 -0.0323504 -0.0476376 -0.0415172
-0.0226876 0.0665201 0.0574304 0.0778953 0.0339756 0.0005990 -0.0750686 -0.0333057 0.0946437 -0.0464618 0.0569752 0.0425991 -0.0555216 -0.0456655 1.0278749 -0.0443954 -0.0378229 -0.0480697 0.0499924 -0.0265628 -0.0368237 0.0965471 -0.0995010 0.0803763 -0.0823345 -0.0325120 -0.0445733 -0.0497448 0.1155401 -0.0934702 -0.0033044 -0.0722287 -0.0602224 -0.0713852 -0.0533408 -0.0829985 -0.0026715 -0.0576543 -0.0818216 -0.0039179 0.0937319 -0.0393276 0.1023114 -0.0934543 -0.0488532 -0.0761744 0.0657775 0.0931752 0.0084715 -0.0480511 -0.0367508 -0.0987646 0.0433974 -0.0792954 0.0713424 -0.0482275 0.0877319 -0.0477468 0.1005224 -0.0434793 -0.0362432 -0.0753274 -0.0935819 0.0903445 -0.0292855 0.0927843 -0.0780415
-0.0339942 -0.0949627 -0.0486548 -0.0577391 -0.0720122 -0.0473085 -0.0370535 0.0199199 -0.0993623 -0.0342713 -0.0506411 -0.0313107 -0.0506452 -0.0160424 -0.0443954 1.5453725 -0.0715791 -0.0121717 -0.0566407 -0.0574127 -0.0091350 -0.0812260 0.0461045 -0.0575353 -0.0020705 -0.0611475 -0.0529476 -0.0395717 -0.0611472 -0.0095437 -0.0669239 0.0194844 -0.0205793 -0.0422713 -0.0299807 -0.0027596 -0.0792925 -0.0230507 -0.0618080 0.4918923 -0.1073884 -0.0701589 -0.0636912 -0.0002294 -0.0240165 0.0720290 -0.0965905 -0.0762621 0.0010746 -0.0573375 -0.0084900 0.0371328 -0.0115098 0.0053626 -0.0851423 -0.0278284 -0.0549600 -0.0300572 -0.0529332 0.8533450 -0.0514495 0.0201262 0.0040429 -0.0793946 -0.0446496 -0.0075498 -0.0242029
-0.0398639 -0.0441044 -0.0218543 -0.0248742 -0.0324067 -0.0427179 -0.0512044 -0.0487247 -0.0484555 -0.0553986 0.2440217 -0.0291798 -0.0265319 -0.0559909 -0.0378229 -0.0715791 1.5348992 -0.0484571 -0.0388362 -0.0414087 -0.0756348 -0.0013759 -0.0420073 0.0047123 -0.0804236 -0.0266922 -0.0475997 -0.0537969 -0.0585887 -0.0773524 -0.0206146 -0.0574070 -0.0577762 -0.0378029 -0.0580962 -0.0807137 -0.0319737 -0.0556427 -0.0319791 -0.0445822 -0.0122149 1.0054984 -0.0525390 -0.0800261 -0.0599035 -0.0608657 -0.0377059 -0.0443972 0.5791440 -0.0462755 -0.0756366 -0.0426330 -0.0390409 -0.0822235 -0.0340259 -0.0567693 0.0848586 -0.0404849 -0.0484072 -0.0719216 -0.0266346 -0.0583462 -0.0781325 -0.0409593 -0.0299287 -0.0375436 -0.0405784
-0.0173194 -0.0678994 -0.0599025 -0.0618688 -0.0517388 -0.0236790 0.0432636 -0.0315520 -0.0727129 -0.0473598 -0.0425903 -0.0457917 0.0037202 0.4379795 -0.0480697 -0.0121717 -0.0484571 1.2305677 -0.0148420 -0.0133866 -0.0528458 -0.0391005 -0.0426238 -0.0240105 -0.0321005 -0.0504868 -0.0645273 0.0171759 -0.0619725 -0.0212413 -0.0077156 -0.0155048 -0.0368608 0.0403932 0.0321345 -0.0332783 -0.0118825 -0.0369175 0.0334399 -0.0466891 -0.0674760 -0.0496139 -0.0404060 -0.0222360 0.4573582 -0.0248312 -0.0534792 -0.0531223 -0.0488288 -0.0609762 -0.0512727 -0.0377540 -0.0385055 -0.0343238 -0.0353621 0.4546414 -0.0435364 0.0124931 -0.0522877 -0.0094132 -0.0483985 -0.0242501 -0.0187625 -0.0354773 -0.0433311 -0.0418090 0.0000403
-0.0495264 0.0653661 -0.0531654 0.0592929 -0.0559890 -0.0465467 0.1818999 0.0184592 0.0813732 -0.0636619 0.0465765 -0.0567341 -0.0625440 -0.0478223 0.0499924 -0.0566407 -0.0388362 -0.0148420 1.0710164 -0.0393905 -0.0619966 0.0799736 -0.0014458 0.0932672 -0.0934180 -0.0449082 -0.0835422 -0.0751882 0.0884711 -0.0677907 -0.0231825 -0.0806775 -0.0690926 0.1711226 -0.0900051 -0.0951173 -0.0224974 -0.0675632 0.1381973 -0.0345580 0.0822525 -0.0407974 0.0571218 -0.0669775 -0.0510818 -0.0850268 0.1030756 0.0934520 -0.0091108 -0.0876808 -0.0609725 0.0051497 -0.0670380 -0.0940032 0.0426083 -0.0504821 0.0832146 0.1218002 0.0536122 -0.0541879 -0.0495253 -0.0827201 -0.0677219 0.0830656 -0.0478066 0.0339415 -0.0826029
0.5137711 -0.0922234 -0.0490643 -0.0586430 -0.0482759 0.4869159 0.0116268 -0.0401736 -0.0752205 -0.0104356 -0.0296187 -0.0432560 -0.0378945 -0.0449792 -0.0265628 -0.0574127 -0.0414087 -0.0133866 -0.0393905 1.3151604 -0.0710787 -0.0015108 -0.0702721 -0.0249619 -0.0547166 -0.0311853 -0.0381710 0.0059199 -0.0411369 -0.0413769 -0.0432139 0.4190342 -0.0086095 0.0294971 -0.0572488 -0.0553681 -0.0286571 -0.0076764 0.0261895 -0.0639445 -0.0458148 -0.0418792 -0.0053134 -0.0391722 -0.0530274 -0.0034073 -0.0851661 -0.0792706 -0.0302869 -0.0258417 -0.0712325 -0.0750121 -0.0348147 -0.0551732 -0.0384811 -0.0459629 -0.0484695 0.0009708 0.0259365 -0.0620544 -0.0307878 -0.0041903 -0.0418040 -0.0221653 -0.0356743 0.1166083 -0.0340950
-0.0580104 -0.0889176 0.1342550 -0.0797624 -0.0923513 -0.0704745 -0.0203039 -0.0574359 -0.0717617 -0.0438769 -0.0596261 -0.0600278 -0.0473496 -0.0317880 -0.0368237 -0.0091350 -0.0756348 -0.0528458 -0.0619966 -0.0710787 1.6721699 0.0101939 0.0213823 -0.0347847 0.0346578 -0.0689970 -0.0104851 0.0697642 -0.0525691 0.0925017 -0.0706164 -0.0015807 -0.0264722 -0.0349528 -0.0578460 0.0373342 -0.0736950 -0.0229860 -0.0490494 -0.0742477 -0.1026307 -0.0764630 -0.0557451 0.0944711 -0.0320291 -0.0186834 -0.1271432 -0.1177445 -0.0679070 -0.0347245 1.0885087 -0.0123706 -0.0447673 0.1454626 -0.1124976 -0.0242607 -0.0976106 -0.0597862 -0.0764305 -0.0112365 -0.0622925 -0.0169059 0.0449655 -0.0776630 -0.0259711 -0.0700963 -0.0091601
-0.0059655 0.0255777 -0.0306240 0.0870231 -0.0559009 0.0108026 -0.0247595 -0.0156339 0.0929568 -0.0571612 0.0816672 -0.0574623 -0.0582136 -0.0477946 0.0965471 -0.0812260 -0.0013759 -0.0391005 0.0799736 -0.0015108 0.0101939 1.0302619 -0.1147400 0.1062886 -0.0874405 -0.0228721 -0.0679353 -0.0383960 0.1236294 -0.0943704 -0.0014458 -0.0675891 -0.0628027 -0.0186288 -0.0803093 -0.0881209 0.0001019 -0.0604422 -0.0291799 -0.0344294 0.1008695 -0.0025022 0.1082780 -0.0944523 -0.0532610 -0.0727308 0.0708818 0.0962712 0.0339760 -0.0721266 0.0111743 -0.1148896 -0.0590918 -0.0796709 0.0780384 -0.0510307 0.0982941 -0.0356099 0.1102600 -0.0800100 -0.0260218 -0.0704789 -0.0977329 0.1106996 -0.0195229 0.0980222 -0.0824487
-0.0240490 0.2642581 -0.0643792 -0.0061255 -0.0645492 -0.0821674 -0.0401592 -0.0926486 -0.0655448 0.0163144 -0.1064306 -0.0560876 -0.0391523 -0.0213035 -0.0995010 0.0461045 -0.0420073 -0.0426238 -0.0014458 -0.0702721 0.0213823 -0.1147400 1.6013616 -0.0906674 -0.0007619 -0.0237754 -0.0049132 -0.0476489 -0.0647261 -0.0272176 -0.0738271 0.2562479 0.0456630 -0.0276995 -0.0049126 -0.0009523 -0.0579475 0.0373717 -0.0717153 -0.0747387 -0.0738709 -0.0409346 -0.0740718 -0.0282700 -0.0006701 -0.0077329 0.1797107 0.0060870 -0.0846818 -0.0090466 0.0203126 0.8553321 -0.0723760 -0.0019960 -0.0956635 -0.0172861 -0.0901664 -0.0245254 -0.1100788 0.0405892 -0.0304048 0.0003291 -0.0244966 -0.1121394 -0.0365045 -0.1140283 0.0197506
-0.0321860 0.0240686 -0.0561311 0.0884203 -0.0716076 -0.0184791 0.0162041 0.0095217 0.0860226 -0.0690936 0.0769311 -0.0742837 -0.0530713 -0.0362970 0.0803763 -0.0575353 0.0047123 -0.0240105 0.0932672 -0.0249619 -0.0347847 0.1062886 -0.0906674 1.0211762 -0.0884375 0.0040147 -0.0737593 -0.0518155 0.1105563 -0.0824808 -0.0022731 -0.0843204 -0.0729149 0.0202140 -0.0813197 -0.0888545 -0.0017915 -0.0712776 0.0063340 -0.0213692 0.0948509 0.0038976 0.0930539 -0.0816371 -0.0415664 -0.0794182 0.0779477 0.0952048 0.0354090 -0.0780590 -0.0343507 -0.0874749 -0.0770891 -0.0845430 0.0707155 -0.0393749 0.0934439 -0.0078042 0.0953302 -0.0560453 0.0012982 -0.0780481 -0.0837184 0.1038568 0.0048822 0.0783110 -0.0776372
-0.0536808 -0.0828042 -0.0723147 -0.0722573 -0.0600407 -0.0706954 -0.0542178 -0.0699195 -0.0560072 -0.0034414 -0.0785375 -0.0518830 -0.0586853 -0.0303785 -0.0823345 -0.0020705 -0.0804236 -0.0321005 -0.0934180 -0.0547166 0.0346578 -0.0874405 -0.0007619 -0.0884375 1.5263909 -0.0605187 -0.0258239 -0.0309727 -0.0928859 0.0833601 -0.0757989 -0.0115106 -0.0131464 -0.0423090 -0.0383160 0.9202188 -0.0828766 -0.0288821 -0.0631215 -0.0691951 -0.0714901 -0.0779884 -0.0738832 0.0720413 -0.0336676 -0.0170167 -0.0965482 -0.0866006 -0.0840025 -0.0282768 0.0383384 -0.0161723 -0.0463697 0.7589184 -0.0867563 -0.0277467 -0.0797535 -0.0417417 -0.0850682 -0.0082745 -0.0577061 -0.0125704 0.0998245 -0.0775504 -0.0546406 -0.0767809 -0.0429956
-0.0370668 -0.0543787 -0.0049374 0.1016534 -0.0201164 -0.0272788 -0.0482222 0.2530830 -0.0381707 -0.0345602 -0.0394598 -0.0324211 -0.0332380 -0.0436537 -0.0325120 -0.0611475 -0.0266922 -0.0504868 -0.0449082 -0.0311853 -0.0689970 -0.0228721 -0.0237754 0.0040147 -0.0605187 1.3665791 -0.0457890 -0.0326217 -0.0622229 -0.0490299 -0.0387913 -0.0476510 -0.0484175 -0.0451535 -0.0560006 -0.0606441 -0.0433209 -0.0486897 -0.0293650 -0.0408627 -0.0561028 -0.0273043 -0.0478677 -0.0498569 -0.0514582 -0.0433161 -0.0382465 -0.0428940 -0.0305787 -0.0482790 -0.0730371 -0.0163750 -0.0239857 -0.0621021 -0.0432874 -0.0442670 -0.0612763 -0.0460962 -0.0012516 -0.0600623 0.6124709 -0.0403951 -0.0485329 -0.0105698 0.5933384 -0.0249375 -0.0412780
-0.0232053 -0.0779449 -0.0382953 -0.0391373 -0.0441945 -0.0489303 -0.0442956 0.0774913 0.1498884 -0.0550549 -0.0537353 -0.0383791 -0.0267989 -0.0402086 -0.0445733 -0.0529476 -0.0475997 -0.0645273 -0.0835422 -0.0381710 -0.0104851 -0.0679353 -0.0049132 -0.0737593 -0.0258239 -0.0457890 1.4259899 0.0864473 -0.0692645 -0.0287840 -0.0687697 0.0092346 -0.0340435 -0.0408192 0.5289757 -0.0277771 -0.0737468 -0.0328648 -0.0621468 0.1847320 0.1148989 -0.0476772 -0.0815898 -0.0275436 -0.0270916 -0.0193847 -0.0553083 -0.0734368 -0.0485997 0.6347273 -0.0126592 -0.0021838 -0.0285008 -0.0209772 -0.0880588 -0.0366343 -0.0606091 -0.0152462 -0.0509332 -0.0538627 -0.0464780 -0.0132446 -0.0318506 -0.0725109 -0.0475323 -0.0704611 0.0134213
-0.0285889 -0.0815355 -0.0670227 -0.0579748 0.0133305 -0.0354595 -0.0548167 -0.0183595 -0.0408388 -0.0344042 -0.0479279 -0.0664906 -0.0426934 0.0509109 -0.0497448 -0.0395717 -0.0537969 0.0171759 -0.0751882 0.0059199 0.0697642 -0.0383960 -0.0476489 -0.0518155 -0.0309727 -0.0326217 0.0864473 1.2802322 -0.0363245 -0.0483216 -0.0552200 0.0041311 -0.0145517 -0.0574408 0.0645181 -0.0344820 -0.0544638 -0.0142938 -0.0522234 -0.0542367 -0.0287614 -0.0543349 -0.0548098 -0.0491641 0.0420957 0.5591176 -0.0534374 -0.0493073 -0.0565784 0.0807558 0.0704486 -0.0442351 -0.0677552 -0.0212454 -0.0019047 0.0435143 -0.0485610 -0.0655564 -0.0386828 -0.0352994 -0.0329631 0.5527440 -0.0464434 -0.0148468 -0.0353545 -0.0573139 -0.0248646
-0.0466836 0.0761179 -0.0308536 0.1057781 -0.0375523 -0.0251787 -0.0644191 -0.0419681 0.1142071 -0.0288598 0.0754179 -0.0416700 -0.0554855 -0.0699171 0.1155401 -0.0611472 -0.0585887 -0.0619725 0.0884711 -0.0411369 -0.0525691 0.1236294 -0.0647261 0.1105563 -0.0928859 -0.0622229 -0.0692645 -0.0363245 1.0577677 -0.0842638 0.0087195 -0.0871425 -0.0337495 -0.0570021 -0.0776712 -0.0935029 0.0129353 -0.0309174 -0.0645949 -0.0220729 0.1226690 -0.0601367 0.1334452 -0.0825403 -0.0726630 -0.0510401 0.1172024 0.1364446 0.0012002 -0.0737831 -0.0525637 -0.0627044 -0.0472177 -0.0906570 0.1069346 -0.0743463 0.1143108 -0.0592076 0.1275333 -0.0594242 -0.0670593 -0.0498948 -0.0829181 0.1285954 -0.0627736 0.1060415 -0.0804453
-0.0462969 -0.0790201 -0.0731084 -0.0851519 -0.0464909 -0.0360237 -0.0610453 -0.0585353 -0.1048203 -0.0547921 -0.0825067 -0.0353723 -0.0598752 -0.0326112 -0.0934702 -0.0095437 -0.0773524 -0.0212413 -0.0677907 -0.0413769 0.0925017 -0.0943704 -0.0272176 -0.0824808 0.0833601 -0.0490299 -0.0287840 -0.0483216 -0.0842638 1.5102274 -0.0867205 -0.0151267 -0.0293477 -0.0613545 0.0165035 0.0867117 -0.0752983 -0.0263567 -0.0531718 -0.0596331 -0.0800828 -0.0767735 -0.0885613 0.8144133 -0.0302563 -0.0156211 -0.0311069 -0.0571115 -0.0740235 -0.0233748 0.0920446 -0.0184146 -0.0392485 0.1028660 -0.0481401 -0.0303582 -0.0676906 -0.0477096 -0.0776316 -0.0113487 -0.0505139 -0.0129890 0.7943071 -0.0729218 -0.0684755 -0.0966919 -0.0414028
-0.0421767 -0.0035870 -0.0474743 0.0046992 0.0009908 -0.0361069 -0.0581087 -0.0204273 -0.0381796 -0.0499276 0.0035401 -0.0379190 0.4474250 -0.0493673 -0.0033044 -0.0669239 -0.0206146 -0.0077156 -0.0231825 -0.0432139 -0.0706164 -0.0014458 -0.0738271 -0.0022731 -0.0757989 -0.0387913 -0.0687697 -0.0552200 0.0087195 -0.0867205 1.2324028 -0.0761864 -0.0627853 -0.0560121 -0.0831375 -0.0767815 0.4012994 -0.0624272 0.0251659 -0.0000951 -0.0280825 -0.0212352 0.0710147 -0.0854305 -0.0539766 -0.0732281 -0.0005855 0.0332782 -0.0041455 -0.0639960 -0.0709249 -0.0681044 -0.0426717 -0.0771316 0.1326287 -0.0528295 -0.0037520 -0.0727578 -0.0010177 -0.0676448 -0.0390124 -0.0677888 -0.0831645 0.0132634 -0.0375741 0.0020474 0.4227907
0.4885656 -0.0099361 -0.0469011 -0.0766167 -0.0587999 0.4321189 -0.0663619 -0.0880296 -0.1091195 -0.0514130 -0.0866289 -0.0411202 -0.0476763 -0.0177584 -0.0722287 0.0194844 -0.0574070 -0.0155048 -0.0806775 0.4190342 -0.0015807 -0.0675891 0.2562479 -0.0843204 -0.0115106 -0.0476510 0.0092346 0.0041311 -0.0871425 -0.0151267 -0.0761864 1.4136288 -0.0360994 -0.0417883 -0.0130470 -0.0120431 -0.0581071 -0.0359143 -0.0662218 -0.0507988 -0.0882389 -0.0581658 -0.0489523 -0.0136059 -0.0167831 0.0063543 -0.0476377 -0.1014392 -0.0642768 0.0205314 -0.0006123 0.2516602 -0.0350427 -0.0106382 -0.0944194 -0.0175150 -0.1027220 -0.0481279 -0.0371730 0.0104028 -0.0495951 0.0060725 -0.0170492 -0.0928403 -0.0529762 0.0540946 -0.0112636
-0.0572029 -0.0765821 -0.0447490 -0.0647813 -0.0463933 -0.0367248 -0.0441790 -0.0253302 -0.0795734 0.8600971 -0.0306594 -0.0383020 -0.0524015 -0.0349554 -0.0602224 -0.0205793 -0.0577762 -0.0368608 -0.0690926 -0.0086095 -0.0264722 -0.0628027 0.0456630 -0.0729149 -0.0131464 -0.0484175 -0.0340435 -0.0145517 -0.0337495 -0.0293477 -0.0627853 -0.0360994 1.5551555 -0.0618974 0.0803196 -0.0168601 -0.0581691 0.8998429 0.0498908 -0.0540096 -0.0817973 -0.0581810 -0.0596237 -0.0274400 -0.0221805 -0.0182505 -0.0791847 -0.0597142 -0.0539655 -0.0280776 -0.0260952 0.0033616 -0.0383289 -0.0075091 -0.0352475 -0.0314159 -0.0702960 -0.0501833 -0.0189013 -0.0189250 -0.0407780 -0.0212675 -0.0269365 -0.0345100 -0.0551376 -0.0437954 -0.0430181
0.0032222 -0.0309484 -0.0510736 -0.0663123 -0.0404026 -0.0205552 0.5749938 0.1188109 0.0010472 -0.0532060 -0.0257122 -0.0414024 -0.0372872 -0.0394323 -0.0713852 -0.0422713 -0.0378029 0.0403932 0.1711226 0.0294971 -0.0349528 -0.0186288 -0.0276995 0.0202140 -0.0423090 -0.0451535 -0.0408192 -0.0574408 -0.0570021 -0.0613545 -0.0560121 -0.0417883 -0.0618974 1.3516545 -0.0592549 -0.0451552 -0.0612952 -0.0616891 0.4761863 -0.0319607 -0.0108561 -0.0385582 -0.0873170 -0.0614315 -0.0452687 -0.0436711 -0.0104113 -0.0329616 -0.0500954 -0.0409735 -0.0322206 -0.0195546 -0.0557814 -0.0482349 -0.0718449 -0.0389240 -0.0053164 0.4118595 -0.0795714 -0.0401862 -0.0465162 -0.0419983 -0.0633713 -0.0170766 -0.0492911 -0.0831894 -0.0406497
-0.0497292 -0.0859297 -0.0467020 -0.0528524 -0.0471936 -0.0671127 -0.0614928 0.0523898 0.1045735 0.0521066 -0.0599627 -0.0334571 -0.0448513 0.0898422 -0.0533408 -0.0299807 -0.0580962 0.0321345 -0.0900051 -0.0572488 -0.0578460 -0.0803093 -0.0049126 -0.0813197 -0.0383160 -0.0560006 0.5289757 0.0645181 -0.0776712 0.0165035 -0.0831375 -0.0130470 0.0803196 -0.0592549 1.3729278 -0.0406070 -0.0874984 0.0810227 -0.0669200 0.1603041 0.0754763 -0.0581319 -0.0881351 0.0168077 0.1093299 -0.0399871 -0.0639073 -0.0785740 -0.0571703 0.5421513 -0.0588334 -0.0048488 -0.0215443 -0.0346296 -0.0896027 0.0956337 -0.0680912 -0.0305380 -0.0563527 -0.0308882 -0.0549237 -0.0344146 0.0155061 -0.0766171 -0.0587402 -0.0773135 -0.0103521
-0.0542045 -0.0843770 -0.0740193 -0.0720262 -0.0627932 -0.0716197 -0.0572004 -0.0719257 -0.0559100 -0.0068723 -0.0785068 -0.0538205 -0.0598914 -0.0320320 -0.0829985 -0.0027596 -0.0807137 -0.0332783 -0.0951173 -0.0553681 0.0373342 -0.0881209 -0.0009523 -0.0888545 0.9202188 -0.0606441 -0.0277771 -0.0344820 -0.0935029 0.0867117 -0.0767815 -0.0120431 -0.0168601 -0.0451552 -0.0406070 1.5664135 -0.0836556 -0.0329711 -0.0656854 -0.0700506 -0.0721229 -0.0781907 -0.0743099 0.0721007 -0.0356749 -0.0214754 -0.0974679 -0.0878405 -0.0841741 -0.0291125 0.0384671 -0.0180122 -0.0479099 0.7997864 -0.0877595 -0.0297933 -0.0806698 -0.0436815 -0.0857475 -0.0098398 -0.0585579 -0.0172158 0.1033984 -0.0780353 -0.0543582 -0.0769644 -0.0442521
-0.0258850 0.0043543 -0.0509759 0.0059198 -0.0003996 -0.0209378 -0.0643811 -0.0286428 -0.0389997 -0.0464377 0.0005173 -0.0399722 0.4442505 -0.0530091 -0.0026715 -0.0792925 -0.0319737 -0.0118825 -0.0224974 -0.0286571 -0.0736950 0.0001019 -0.0579475 -0.0017915 -0.0828766 -0.0433209 -0.0737468 -0.0544638 0.0129353 -0.0752983 0.4012994 -0.0581071 -0.0581691 -0.0612952 -0.0874984 -0.0836556 1.2336512 -0.0573564 0.0196004 -0.0132646 -0.0277296 -0.0329707 0.0753919 -0.0738480 -0.0577583 -0.0705961 0.0069113 0.0374028 -0.0128020 -0.0685032 -0.0742456 -0.0522643 -0.0458116 -0.0838261 0.1356225 -0.0576784 -0.0048498 -0.0777832 0.0030072 -0.0810394 -0.0444167 -0.0649744 -0.0718341 0.0142120 -0.0442868 0.0073969 0.4207299
-0.0554381 -0.0764240 -0.0417207 -0.0638913 -0.0445337 -0.0344960 -0.0450376 -0.0254290 -0.0785448 0.8625817 -0.0285306 -0.0358625 -0.0515691 -0.0345298 -0.0576543 -0.0230507 -0.0556427 -0.0369175 -0.0675632 -0.0076764 -0.0229860 -0.0604422 0.0373717 -0.0712776 -0.0288821 -0.0486897 -0.0328648 -0.0142938 -0.0309174 -0.0263567 -0.0624272 -0.0359143 0.8998429 -0.0616891 0.0810227 -0.0329711 -0.0573564 1.5632284 0.0505247 -0.0539272 -0.0793709 -0.0561292 -0.0584899 -0.0245208 -0.0232587 -0.0208819 -0.0789043 -0.0581611 -0.0521566 -0.0268540 -0.0230941 -0.0015482 -0.0358963 -0.0223876 -0.0335207 -0.0299889 -0.0686390 -0.0501159 -0.0161197 -0.0213034 -0.0408146 -0.0235056 -0.0256761 -0.0331167 -0.0555466 -0.0409756 -0.0422827
-0.0101308 -0.0623747 -0.0668042 -0.0724089 -0.0416040 -0.0248117 0.5262140 0.1219081 -0.0292843 0.0597084 -0.0251650 -0.0538523 0.0581361 -0.0532890 -0.0818216 -0.0618080 -0.0319791 0.0334399 0.1381973 0.0261895 -0.0490494 -0.0291799 -0.0717153 0.0063340 -0.0631215 -0.0293650 -0.0621468 -0.0522234 -0.0645949 -0.0531718 0.0251659 -0.0662218 0.0498908 0.4761863 -0.0669200 -0.0656854 0.0196004 0.0505247 1.3379204 -0.0401708 -0.0363013 -0.0324801 -0.0822699 -0.0512144 -0.0585987 -0.0373493 -0.0360167 -0.0403126 -0.0455251 -0.0594814 -0.0471516 -0.0681153 -0.0673411 -0.0662673 -0.0438714 -0.0521329 -0.0198964 0.3649288 -0.0800474 -0.0597070 -0.0287786 -0.0361450 -0.0535899 -0.0193123 -0.0350034 -0.0858912 0.0508675
-0.0456026 -0.0888311 -0.0447625 -0.0122331 -0.0627823 -0.0529318 -0.0291424 0.0707683 0.0334446 -0.0608968 -0.0101645 -0.0338116 0.0144142 -0.0559626 -0.0039179 0.4918923 -0.0445822 -0.0466891 -0.0345580 -0.0639445 -0.0742477 -0.0344294 -0.0747387 -0.0213692 -0.0691951 -0.0408627 0.1847320 -0.0542367 -0.0220729 -0.0596331 -0.0000951 -0.0507988 -0.0540096 -0.0319607 0.1603041 -0.0700506 -0.0132646 -0.0539272 -0.0401708 1.3043445 0.0159259 -0.0438298 -0.0241433 -0.0522369 -0.0594426 -0.0572014 -0.0646813 -0.0365028 0.0155842 0.1877283 -0.0755073 -0.0761729 -0.0168345 -0.0647101 -0.0397895 -0.0628758 -0.0142397 -0.0183388 -0.0095437 0.4943458 -0.0356511 -0.0815476 -0.0508717 -0.0347108 -0.0310682 0.0083076 0.0278137
-0.0481768 0.0481770 -0.0498736 0.0922238 -0.0500920 -0.0377107 -0.0187869 0.0012029 0.1646715 -0.0805982 0.0738169 -0.0529761 -0.0776606 -0.0730980 0.0937319 -0.1073884 -0.0122149 -0.0674760 0.0822525 -0.0458148 -0.1026307 0.1008695 -0.0738709 0.0948509 -0.0714901 -0.0561028 0.1148989 -0.0287614 0.1226690 -0.0800828 -0.0280825 -0.0882389 -0.0817973 -0.0108561 0.0754763 -0.0721229 -0.0277296 -0.0793709 -0.0363013 0.0159259 1.0806501 -0.0129411 0.0936592 -0.0797662 -0.0740893 -0.0771180 0.1026162 0.1093751 0.0216725 0.1137308 -0.1033769 -0.0680297 -0.0573353 -0.0757479 0.0677278 -0.0763009 0.1049797 -0.0150718 0.1015421 -0.1065233 -0.0619857 -0.0717178 -0.0796121 0.1034137 -0.0602645 0.0731356 -0.0939414
-0.0414415 -0.0457460 -0.0243585 -0.0253240 -0.0344632 -0.0443246 -0.0527601 -0.0488004 -0.0497414 -0.0566875 0.2488964 -0.0309176 -0.0266521 -0.0576449 -0.0393276 -0.0701589 1.0054984 -0.0496139 -0.0407974 -0.0418792 -0.0764630 -0.0025022 -0.0409346 0.0038976 -0.0779884 -0.0273043 -0.0476772 -0.0543349 -0.0601367 -0.0767735 -0.0212352 -0.0581658 -0.0581810 -0.0385582 -0.0581319 -0.0781907 -0.0329707 -0.0561292 -0.0324801 -0.0438298 -0.0129411 1.5674671 -0.0537639 -0.0798368 -0.0611248 -0.0603033 -0.0384611 -0.0453490 0.5920684 -0.0462026 -0.0765984 -0.0416976 -0.0414471 -0.0797861 -0.0347840 -0.0580925 0.0858004 -0.0420659 -0.0498440 -0.0702346 -0.0268234 -0.0584168 -0.0777177 -0.0418773 -0.0303777 -0.0383464 -0.0401632
-0.0021926 0.0567204 -0.0330592 0.0928875 -0.0385131 0.0165684 -0.0994308 -0.0486786 0.0822421 -0.0535855 0.0642534 -0.0438151 0.0182716 -0.0462590 0.1023114 -0.0636912 -0.0525390 -0.0404060 0.0571218 -0.0053134 -0.0557451 0.1082780 -0.0740718 0.0930539 -0.0738832 -0.0478677 -0.0815898 -0.0548098 0.1334452 -0.0885613 0.0710147 -0.0489523 -0.0596237 -0.0873170 -0.0881351 -0.0743099 0.0753919 -0.0584899 -0.0822699 -0.0241433 0.0936592 -0.0537639 1.0506849 -0.0883384 -0.0496945 -0.0831907 0.0901611 0.1144418 0.0025309 -0.0832291 -0.0560858 -0.0723450 -0.0457228 -0.0739037 0.1098418 -0.0506091 0.0927434 -0.0893742 0.1162833 -0.0638560 -0.0519359 -0.0801042 -0.0878690 0.1095512 -0.0467203 0.1088226 -0.0078027
-0.0439281 -0.0794145 -0.0744910 -0.0846000 -0.0486611 -0.0340467 -0.0601326 -0.0568136 -0.1052397 -0.0543423 -0.0825077 -0.0367927 -0.0585857 -0.0333964 -0.0934543 -0.0002294 -0.0800261 -0.0222360 -0.0669775 -0.0391722 0.0944711 -0.0944523 -0.0282700 -0.0816371 0.0720413 -0.0498569 -0.0275436 -0.0491641 -0.0825403 0.8144133 -0.0854305 -0.0136059 -0.0274400 -0.0614315 0.0168077 0.0721007 -0.0738480 -0.0245208 -0.0512144 -0.0522369 -0.0797662 -0.0798368 -0.0883384 1.5148854 -0.0316224 -0.0166223 -0.0309242 -0.0559526 -0.0743381 -0.0222753 0.0920797 -0.0200749 -0.0402342 0.0912323 -0.0474046 -0.0316574 -0.0676018 -0.0476805 -0.0766870 -0.0018986 -0.0494789 -0.0167134 0.7937551 -0.0721869 -0.0685297 -0.0946750 -0.0400088
-0.0510479 -0.0591800 -0.0369361 -0.0659395 -0.0431050 -0.0560886 -0.0471275 -0.0596344 -0.0741133 -0.0414660 -0.0583721 -0.0268392 -0.0448538 0.6247014 -0.0488532 -0.0240165 -0.0599035 0.4573582 -0.0510818 -0.0530274 -0.0320291 -0.0532610 -0.0006701 -0.0415664 -0.0336676 -0.0514582 -0.0270916 0.0420957 -0.0726630 -0.0302563 -0.0539766 -0.0167831 -0.0221805 -0.0452687 0.1093299 -0.0356749 -0.0577583 -0.0232587 -0.0585987 -0.0594426 -0.0740893 -0.0611248 -0.0496945 -0.0316224 1.4222232 -0.0279158 -0.0583847 -0.0650915 -0.0632495 -0.0259344 -0.0306846 0.0036634 -0.0132033 -0.0322989 -0.0571853 0.6552678 -0.0601400 -0.0476778 -0.0604930 -0.0212996 -0.0487929 -0.0240949 -0.0265322 -0.0535554 -0.0405570 -0.0541807 -0.0420477
-0.0557708 -0.0657833 -0.0739002 -0.0838675 0.0831850 -0.0622575 -0.0354672 -0.0363082 -0.1014654 -0.0386802 -0.0697811 -0.0394822 -0.0569231 -0.0161644 -0.0761744 0.0720290 -0.0608657 -0.0248312 -0.0850268 -0.0034073 -0.0186834 -0.0727308 -0.0077329 -0.0794182 -0.0170167 -0.0433161 -0.0193847 0.5591176 -0.0510401 -0.0156211 -0.0732281 0.0063543 -0.0182505 -0.0436711 -0.0399871 -0.0214754 -0.0705961 -0.0208819 -0.0373493 -0.0572014 -0.0771180 -0.0603033 -0.0831907 -0.0166223 -0.0279158 1.5870831 -0.0473019 -0.0505380 -0.0681286 -0.0268611 -0.0187715 0.0006963 -0.0511039 -0.0173934 0.0100355 -0.0257298 -0.0579547 -0.0483750 -0.0662668 0.0815933 -0.0448503 0.8824468 -0.0057475 -0.0248994 -0.0544904 -0.0878503 -0.0344846
-0.0819090 0.1644112 -0.0577161 0.1005279 -0.0353397 -0.0793851 -0.0186579 -0.0418279 0.0954527 -0.0807718 0.0414559 -0.0463103 -0.0458238 -0.0620587 0.0657775 -0.0965905 -0.0377059 -0.0534792 0.1030756 -0.0851661 -0.1271432 0.0708818 0.1797107 0.0779477 -0.0965482 -0.0382465 -0.0553083 -0.0534374 0.1172024 -0.0311069 -0.0005855 -0.0476377 -0.0791847 -0.0104113 -0.0639073 -0.0974679 0.0069113 -0.0789043 -0.0360167 -0.0646813 0.1026162 -0.0384611 0.0901611 -0.0309242 -0.0583847 -0.0473019 1.1033095 0.1401018 -0.0120559 -0.0590699 -0.1281141 0.1924534 -0.0612709 -0.1017071 0.0776008 -0.0650807 0.0881969 -0.0174378 0.0712150 -0.0964105 -0.0460613 -0.0406161 -0.0271424 0.0864188 -0.0492597 0.0383647 -0.0568654
-0.0846341 0.1086619 -0.0374057 0.1024113 -0.0201071 -0.0682017 -0.0389043 -0.0338388 0.1019942 -0.0540263 0.0616693 -0.0306749 -0.0205837 -0.0645017 0.0931752 -0.0762621 -0.0443972 -0.0531223 0.0934520 -0.0792706 -0.1177445 0.0962712 0.0060870 0.0952048 -0.0866006 -0.0428940 -0.0734368 -0.0493073 0.1364446 -0.0571115 0.0332782 -0.1014392 -0.0597142 -0.0329616 -0.0785740 -0.0878405 0.0374028 -0.0581611 -0.0403126 -0.0365028 0.1093751 -0.0453490 0.1144418 -0.0559526 -0.0650915 -0.0505380 0.1401018 1.0524107 -0.0004414 -0.0766204 -0.1177458 0.0141824 -0.0414808 -0.0913123 0.1052634 -0.0685414 0.1042556 -0.0346148 0.0998153 -0.0753271 -0.0489216 -0.0474502 -0.0522519 0.1105755 -0.0484182 0.0699662 -0.0437500
-0.0295871 -0.0358794 -0.0332826 0.0119055 -0.0460235 -0.0236630 -0.0618430 -0.0332977 -0.0059729 -0.0519489 0.1872316 -0.0408894 -0.0258135 -0.0583093 0.0084715 0.0010746 0.5791440 -0.0488288 -0.0091108 -0.0302869 -0.0679070 0.0339760 -0.0846818 0.0354090 -0.0840025 -0.0305787 -0.0485997 -0.0565784 0.0012002 -0.0740235 -0.0041455 -0.0642768 -0.0539655 -0.0500954 -0.0571703 -0.0841741 -0.0128020 -0.0521566 -0.0455251 0.0155842 0.0216725 0.5920684 0.0025309 -0.0743381 -0.0632495 -0.0681286 -0.0120559 -0.0004414 1.2177058 -0.0486348 -0.0681354 -0.0852404 -0.0453115 -0.0827580 0.0060011 -0.0612141 0.0875264 -0.0534631 0.0079768 0.0015586 -0.0301515 -0.0702945 -0.0729919 0.0078782 -0.0308184 0.0156947 -0.0429454
-0.0094625 -0.0820938 -0.0425728 -0.0425085 -0.0426277 -0.0361931 -0.0450667 0.0782596 0.1482369 -0.0494873 -0.0553558 -0.0369233 -0.0191743 -0.0377173 -0.0480511 -0.0573375 -0.0462755 -0.0609762 -0.0876808 -0.0258417 -0.0347245 -0.0721266 -0.0090466 -0.0780590 -0.0282768 -0.0482790 0.6347273 0.0807558 -0.0737831 -0.0233748 -0.0639960 0.0205314 -0.0280776 -0.0409735 0.5421513 -0.0291125 -0.0685032 -0.0268540 -0.0594814 0.1877283 0.1137308 -0.0462026 -0.0832291 -0.0222753 -0.0259344 -0.0268611 -0.0590699 -0.0766204 -0.0486348 1.4484804 -0.0364192 -0.0062886 -0.0265570 -0.0248845 -0.0887340 -0.0343157 -0.0632945 -0.0142882 -0.0515870 -0.0596587 -0.0490162 -0.0197810 -0.0255750 -0.0756489 -0.0519950 -0.0697145 0.0219636
-0.0573494 -0.0882379 0.1366381 -0.0818011 -0.0918376 -0.0693909 -0.0166716 -0.0586429 -0.0725132 -0.0440370 -0.0599180 -0.0596842 -0.0477141 -0.0300814 -0.0367508 -0.0084900 -0.0756366 -0.0512727 -0.0609725 -0.0712325 1.0885087 0.0111743 0.0203126 -0.0343507 0.0383384 -0.0730371 -0.0126592 0.0704486 -0.0525637 0.0920446 -0.0709249 -0.0006123 -0.0260952 -0.0322206 -0.0588334 0.0384671 -0.0742456 -0.0230941 -0.0471516 -0.0755073 -0.1033769 -0.0765984 -0.0560858 0.0920797 -0.0306846 -0.0187715 -0.1281141 -0.1177458 -0.0681354 -0.0364192 1.6810837 -0.0135527 -0.0435693 0.1464398 -0.1125321 -0.0231093 -0.0970203 -0.0573815 -0.0768053 -0.0104447 -0.0666372 -0.0174742 0.0415516 -0.0776749 -0.0294115 -0.0702046 -0.0099743
-0.0281278 0.2757396 -0.0659916 -0.0012928 -0.0558486 -0.0866525 -0.0332000 -0.0884767 -0.0614382 -0.0243141 -0.1067064 -0.0498719 -0.0328231 -0.0164954 -0.0987646 0.0371328 -0.0426330 -0.0377540 0.0051497 -0.0750121 -0.0123706 -0.1148896 0.8553321 -0.0874749 -0.0161723 -0.0163750 -0.0021838 -0.0442351 -0.0627044 -0.0184146 -0.0681044 0.2516602 0.0033616 -0.0195546 -0.0048488 -0.0180122 -0.0522643 -0.0015482 -0.0681153 -0.0761729 -0.0680297 -0.0416976 -0.0723450 -0.0200749 0.0036634 0.0006963 0.1924534 0.0141824 -0.0852404 -0.0062886 -0.0135527 1.6077236 -0.0683087 -0.0205090 -0.0901503 -0.0137651 -0.0859559 -0.0164808 -0.1103528 0.0340229 -0.0238445 0.0117888 -0.0149461 -0.1093049 -0.0311381 -0.1157797 0.0248827
-0.0133196 0.1580171 0.5027280 -0.0680549 0.4714696 0.0183840 -0.0302672 -0.0564908 -0.0239776 0.0126004 -0.0625490 0.5200667 -0.0314567 -0.0200018 0.0433974 -0.0115098 -0.0390409 -0.0385055 -0.0670380 -0.0348147 -0.0447673 -0.0590918 -0.0723760 -0.0770891 -0.0463697 -0.0239857 -0.0285008 -0.0677552 -0.0472177 -0.0392485 -0.0426717 -0.0350427 -0.0383289 -0.0557814 -0.0215443 -0.0479099 -0.0458116 -0.0358963 -0.0673411 -0.0168345 -0.0573353 -0.0414471 -0.0457228 -0.0402342 -0.0132033 -0.0511039 -0.0612709 -0.0414808 -0.0453115 -0.0265570 -0.0435693 -0.0683087 1.3554590 -0.0485643 -0.0492518 -0.0137646 -0.0283864 0.0960949 -0.0542927 -0.0125224 -0.0261961 -0.0498444 -0.0380089 -0.0792298 -0.0168937 -0.0278474 -0.0384445
-0.0541762 -0.0888313 -0.0563240 -0.0741500 -0.0674114 -0.0701083 -0.0578770 -0.0694208 -0.0595904 -0.0015617 -0.0771857 -0.0551441 -0.0590381 -0.0302480 -0.0792954 0.0053626 -0.0822235 -0.0343238 -0.0940032 -0.0551732 0.1454626 -0.0796709 -0.0019960 -0.0845430 0.7589184 -0.0621021 -0.0209772 -0.0212454 -0.0906570 0.1028660 -0.0771316 -0.0106382 -0.0075091 -0.0482349 -0.0346296 0.7997864 -0.0838261 -0.0223876 -0.0662673 -0.0647101 -0.0757479 -0.0797861 -0.0739037 0.0912323 -0.0322989 -0.0173934 -0.1017071 -0.0913123 -0.0827580 -0.0248845 0.1464398 -0.0205090 -0.0485643 1.4412481 -0.0897799 -0.0270364 -0.0835736 -0.0483142 -0.0839978 0.0000662 -0.0590833 -0.0144129 0.1138051 -0.0781257 -0.0527153 -0.0764745 -0.0393340
-0.0505374 0.0388306 -0.0514503 0.0702168 -0.0134683 -0.0300055 -0.0775891 -0.0373673 0.0511232 -0.0289479 0.0543712 -0.0426815 0.0976394 -0.0523575 0.0713424 -0.0851423 -0.0340259 -0.0353621 0.0426083 -0.0384811 -0.1124976 0.0780384 -0.0956635 0.0707155 -0.0867563 -0.0432874 -0.0880588 -0.0019047 0.1069346 -0.0481401 0.1326287 -0.0944194 -0.0352475 -0.0718449 -0.0896027 -0.0877595 0.1356225 -0.0335207 -0.0438714 -0.0397895 0.0677278 -0.0347840 0.1098418 -0.0474046 -0.0571853 0.0100355 0.0776008 0.1052634 0.0060011 -0.0887340 -0.1125321 -0.0901503 -0.0492518 -0.0897799 1.0439984 -0.0576146 0.0775868 -0.0765149 0.0870232 -0.0839817 -0.0464511 0.0130238 -0.0437502 0.0965895 -0.0472308 0.0681023 0.0691508
