1.1916409 -0.0509027 -0.0586986 -0.0576387 -0.0713879 -0.0505627 -0.0332664 -0.0632681 -0.0501681 -0.0643448 -0.0484089 -0.0571449 -0.0323227 -0.0590187 -0.0807317 -0.0614172 -0.0607316 -0.0412566 -0.0719637 -0.0298101 -0.0444325
-0.0509027 1.1183465 -0.0373283 -0.0497845 -0.0135849 -0.0360492 -0.0839445 -0.0977193 -0.0616000 -0.0724699 -0.0595954 -0.0754439 -0.0456019 -0.0260878 0.0113301 -0.0506348 -0.0574305 -0.0662639 -0.0486250 -0.0438885 -0.0641733
-0.0586986 -0.0373283 1.1304939 -0.0503043 -0.0511214 -0.0631786 -0.0259686 -0.0608663 -0.0566468 -0.0645307 -0.0618602 -0.0777345 -0.0385793 -0.0592608 -0.0737039 -0.0592235 -0.0365780 -0.0385462 -0.0625991 -0.0217208 -0.0538223
-0.0576387 -0.0497845 -0.0503043 1.1704515 -0.0729390 -0.0406699 -0.0557673 -0.0540179 -0.0641673 -0.0599299 -0.0573318 -0.0821756 -0.0427995 -0.0461202 -0.0642618 -0.0419577 -0.0612891 -0.0404901 -0.0578035 -0.0449915 -0.0520703
-0.0713879 -0.0135849 -0.0511214 -0.0729390 1.0307238 0.0059476 -0.0567248 -0.0941926 -0.1010722 -0.0680767 -0.0659500 -0.0904364 -0.0302918 -0.0067883 -0.0498362 0.0708048 -0.0480603 -0.0464063 -0.0393370 -0.0490168 -0.0589849
-0.0505627 -0.0360492 -0.0631786 -0.0406699 0.0059476 1.0499523 -0.0497599 -0.0966287 -0.0406132 -0.0758912 -0.0903554 -0.0928887 -0.0389890 -0.0512397 -0.0241676 -0.0010874 0.0420117 -0.0554058 -0.0537414 -0.0508338 -0.0968078
-0.0332664 -0.0839445 -0.0259686 -0.0557673 -0.0567248 -0.0497599 1.1111759 -0.0322736 -0.0284187 -0.0290733 -0.0254984 -0.0419976 -0.0727928 -0.0485240 0.0001622 -0.0773654 -0.0881643 -0.0652777 -0.0702190 -0.0837077 -0.0416185
-0.0632681 -0.0977193 -0.0608663 -0.0540179 -0.0941926 -0.0966287 -0.0322736 1.1620044 -0.0091637 -0.0460600 -0.0032909 0.2183047 -0.0944199 -0.0885944 -0.0995933 -0.0911523 -0.0857152 -0.0655036 -0.0866243 -0.0922830 -0.0414320
-0.0501681 -0.0616000 -0.0566468 -0.0641673 -0.1010722 -0.0406132 -0.0284187 -0.0091637 1.1394817 -0.0130846 -0.0236375 -0.0144188 -0.0854927 -0.0776153 -0.0964075 -0.0807507 -0.0868189 -0.0506619 -0.0297512 -0.0903079 0.0009114
-0.0643448 -0.0724699 -0.0645307 -0.0599299 -0.0680767 -0.0758912 -0.0290733 -0.0460600 -0.0130846 1.1490036 -0.0063389 0.0074677 -0.0524865 -0.0686785 -0.0808690 -0.0796688 -0.0773175 -0.0435899 -0.0930998 -0.0272346 -0.0481109
-0.0484089 -0.0595954 -0.0618602 -0.0573318 -0.0659500 -0.0903554 -0.0254984 -0.0032909 -0.0236375 -0.0063389 1.1302149 -0.0360613 -0.0784718 -0.0868141 -0.0811006 -0.0732183 -0.0439693 -0.0478244 -0.0459054 -0.0850920 -0.0410299
-0.0571449 -0.0754439 -0.0777345 -0.0821756 -0.0904364 -0.0928887 -0.0419976 0.2183047 -0.0144188 0.0074677 -0.0360613 1.1675415 -0.0886092 -0.0977333 -0.0892395 -0.0938131 -0.0957132 -0.0496858 -0.0978056 -0.0810682 -0.0516643
-0.0323227 -0.0456019 -0.0385793 -0.0427995 -0.0302918 -0.0389890 -0.0727928 -0.0944199 -0.0854927 -0.0524865 -0.0784718 -0.0886092 1.1259238 -0.0486068 -0.0279684 -0.0505903 -0.0380849 -0.0621078 0.0029020 -0.0699075 -0.0521189
-0.0590187 -0.0260878 -0.0592608 -0.0461202 -0.0067883 -0.0512397 -0.0485240 -0.0885944 -0.0776153 -0.0686785 -0.0868141 -0.0977333 -0.0486068 1.1414655 -0.0590477 -0.0501039 0.0034289 -0.0531991 -0.0094076 -0.0401616 -0.0633746
-0.0807317 0.0113301 -0.0737039 -0.0642618 -0.0498362 -0.0241676 0.0001622 -0.0995933 -0.0964075 -0.0808690 -0.0811006 -0.0892395 -0.0279684 -0.0590477 1.0439661 -0.0490315 -0.0105750 -0.0386119 0.0014488 0.0095514 -0.0398661
-0.0614172 -0.0506348 -0.0592235 -0.0419577 0.0708048 -0.0010874 -0.0773654 -0.0911523 -0.0807507 -0.0796688 -0.0732183 -0.0938131 -0.0505903 -0.0501039 -0.0490315 1.0538667 -0.0564772 -0.0729946 -0.0130897 -0.0083980 -0.0321246
-0.0607316 -0.0574305 -0.0365780 -0.0612891 -0.0480603 0.0420117 -0.0881643 -0.0857152 -0.0868189 -0.0773175 -0.0439693 -0.0957132 -0.0380849 0.0034289 -0.0105750 -0.0564772 1.0658159 -0.0685486 -0.0506309 -0.0186063 -0.0320356
-0.0412566 -0.0662639 -0.0385462 -0.0404901 -0.0464063 -0.0554058 -0.0652777 -0.0655036 -0.0506619 -0.0435899 -0.0478244 -0.0496858 -0.0621078 -0.0531991 -0.0386119 -0.0729946 -0.0685486 1.1476476 -0.0523604 -0.0733675 -0.0485284
-0.0719637 -0.0486250 -0.0625991 -0.0578035 -0.0393370 -0.0537414 -0.0702190 -0.0866243 -0.0297512 -0.0930998 -0.0459054 -0.0978056 0.0029020 -0.0094076 0.0014488 -0.0130897 -0.0506309 -0.0523604 1.0353570 0.0266923 -0.0857200
-0.0298101 -0.0438885 -0.0217208 -0.0449915 -0.0490168 -0.0508338 -0.0837077 -0.0922830 -0.0903079 -0.0272346 -0.0850920 -0.0810682 -0.0699075 -0.0401616 0.0095514 -0.0083980 -0.0186063 -0.0733675 0.0266923 1.0506252 -0.0680576
-0.0444325 -0.0641733 -0.0538223 -0.0520703 -0.0589849 -0.0968078 -0.0416185 -0.0414320 0.0009114 -0.0481109 -0.0410299 -0.0516643 -0.0521189 -0.0633746 -0.0398661 -0.0321246 -0.0320356 -0.0485284 -0.0857200 -0.0680576 1.0934527
