1.5857971 -0.0782837 -0.0010544 -0.1771737 -0.0246806 0.1233333 0.2327607 -0.1081883 -0.0730125 -0.0468587 -0.0911602 1.0370046 -0.1061185 -0.0048727 -0.0958594 -0.0660388 -0.1004619 -0.0982614 -0.0703213 -0.0635101 -0.1606407 -0.0657646 -0.0911598 -0.1215320 -0.0896676 -0.0508548 0.0010882 -0.1243281 -0.0393623 -0.0384730 -0.1058961 -0.0333692 -0.0888329 0.0611933 0.1771071 -0.0902684 -0.1281774 -0.1357340 -0.0171481 -0.0198469 -0.0767875 0.1722112 -0.0985044 -0.0395776 0.0100367 1.0270875 -0.0684155 -0.0442826 0.1697419 -0.1009146 -0.0825886 -0.1591856 -0.0755744 0.0240111 -0.0870926 -0.1075161 0.0429467 0.4626864 0.0799993 -0.0793870 -0.0641907 -0.1026483 -0.0697492 0.0670600 -0.0693753 -0.0614987 -0.0927697 -0.0905510
-0.0782837 1.3272178 -0.0842302 -0.0320969 0.1076427 -0.0192493 -0.0634546 -0.0921412 0.4899433 -0.1035788 -0.0930960 -0.0778547 0.4496881 -0.1224797 -0.0997868 -0.1164773 -0.0990265 -0.0917222 0.4959768 -0.0798867 -0.1359795 0.4675170 -0.1185836 0.3636774 -0.1190498 -0.0830481 -0.0940679 -0.0767894 -0.0755569 -0.0897155 0.4632111 -0.1159793 -0.0969214 -0.0714323 -0.1045504 -0.1195732 -0.1062570 0.2323320 -0.1193198 -0.0899854 -0.0875414 0.2496346 -0.0995910 -0.0641723 -0.0722569 -0.0873697 0.1057664 -0.0725906 0.0226844 -0.0974511 -0.1135111 -0.1349359 0.0991580 -0.0730483 -0.1212076 0.4524611 -0.1192322 -0.0727345 -0.0612570 -0.1094771 -0.1150578 -0.1144986 0.1097848 -0.0617142 -0.0841639 -0.0824556 0.2768028 -0.1022528
-0.0010544 -0.0842302 1.5758250 -0.0048533 0.7648835 -0.0421162 -0.0832301 0.0700648 -0.0713308 0.7696813 -0.0858097 0.0366559 -0.0527149 0.0140707 0.0432367 -0.0931708 -0.0874596 -0.0824796 -0.0813272 -0.0906478 0.0508925 -0.0725884 -0.1057185 -0.0631717 -0.0649432 -0.0622613 -0.0688493 -0.1089326 -0.1033134 -0.1125542 -0.0492454 0.0072864 -0.1059058 -0.0992832 -0.0740050 -0.0663194 -0.0730577 -0.0664453 -0.0119442 -0.0865881 -0.0260063 -0.0627432 -0.0883689 -0.1101639 -0.1366898 0.0076382 -0.0893264 -0.1037856 -0.0938103 -0.0865523 -0.0822354 0.0490769 -0.0922625 1.0124681 -0.0731506 -0.0514172 -0.0814223 -0.0423374 -0.0927466 -0.0703744 -0.0929931 0.0090863 -0.0867969 -0.1517727 -0.0634183 1.0090263 -0.0322419 -0.0896454
-0.1771737 -0.0320969 -0.0048533 1.3818856 -0.0392062 0.0119705 -0.0124994 -0.0212566 0.0693682 -0.0450892 0.0554034 -0.1800524 -0.0739522 -0.1382371 0.0054153 -0.1175650 0.0480368 -0.0879943 0.0542321 -0.0855864 -0.0897115 0.0548732 -0.1209189 0.1752536 -0.1119774 0.0662781 0.7310107 0.5552455 -0.0160824 -0.1007427 -0.0925025 -0.1367895 -0.0505447 0.0098637 0.6180586 -0.1124552 -0.0517138 -0.1126058 -0.0492762 -0.1109117 0.7629033 0.0000656 0.0475922 -0.0174734 -0.0887274 -0.1568263 -0.1589379 -0.0119332 -0.1174532 0.0554686 -0.0839535 -0.0896930 -0.1534183 0.0129386 -0.1148181 -0.0807726 -0.0419292 -0.0771346 0.0118705 0.1113402 -0.1171786 -0.0562505 -0.1560557 -0.0994246 0.1491124 0.0146094 -0.0307981 -0.0836845
-0.0246806 0.1076427 0.7648835 -0.0392062 1.4255735 -0.0070685 -0.0881665 -0.0266302 -0.0888264 0.5750895 -0.0906881 0.0086512 0.3337027 -0.1004599 -0.0154048 -0.0954109 -0.0897019 -0.0461561 -0.0924826 -0.0754233 -0.0290862 -0.0931674 -0.1055313 -0.0672276 -0.0975280 -0.0970894 -0.0789604 -0.0944720 -0.1024806 -0.1081195 0.3372543 -0.1026172 -0.0943300 -0.1043332 -0.0840022 -0.0983543 -0.0930932 0.1300034 -0.1100300 -0.0634819 -0.0467865 -0.0851197 -0.0903161 -0.0973835 -0.1116192 -0.0167161 -0.0484434 -0.0992789 -0.0772092 -0.0883570 -0.0500242 -0.0300949 -0.0471340 0.7855412 -0.1031169 0.3347245 -0.1126367 -0.0552169 -0.0899985 -0.1107226 -0.0953480 -0.0084046 -0.0451587 -0.1148497 -0.0997433 0.7638689 -0.0991604 -0.0472145
0.1233333 -0.0192493 -0.0421162 0.0119705 -0.0070685 1.4833378 0.6222871 0.0350986 -0.0945308 -0.0561242 -0.0950456 0.0426988 0.1263317 -0.0450220 -0.1088515 -0.0806685 -0.0969940 -0.1318681 -0.1065715 -0.0886370 -0.0075843 -0.0919513 -0.0937830 0.1130198 -0.0768101 0.2791002 -0.1097977 0.0116530 -0.1162022 -0.1133308 0.0871340 -0.1079420 -0.0988859 0.7830600 -0.1190414 -0.0785825 -0.0421364 -0.0129068 -0.1336362 -0.0935220 -0.0924115 -0.0780155 -0.0979839 -0.1087847 -0.1277983 0.0459249 -0.1090735 -0.1138451 -0.0895465 -0.0931533 -0.1280107 -0.0056251 -0.1180619 -0.0509251 -0.0809266 0.1054001 0.5969200 -0.0509272 0.7962741 0.2297953 -0.0818724 0.0118236 -0.1067765 -0.1372506 0.2790293 -0.0503545 -0.1466864 -0.1291161
0.2327607 -0.0634546 -0.0832301 -0.0124994 -0.0881665 0.6222871 1.4640155 0.2053828 -0.0972849 -0.0942506 -0.1107620 0.1668685 -0.0373465 -0.0778129 -0.1225562 -0.1021743 -0.1142921 -0.1350531 -0.1004011 -0.0961906 -0.0620218 -0.0960056 -0.1231960 0.0147090 -0.0698915 0.5798318 -0.1090131 -0.0697956 -0.1129624 -0.1031786 -0.0642531 -0.1127502 -0.1114293 0.4882418 -0.0929873 -0.0715600 -0.0727425 -0.0259435 -0.1188412 -0.0801215 -0.1034032 -0.0510449 -0.1149224 -0.1130366 -0.1093265 0.1649318 0.0536621 -0.1112950 -0.0291858 -0.1101497 -0.1422056 -0.0607049 0.0370963 -0.0957992 -0.0731476 -0.0526972 0.3340707 0.0037619 0.5111849 0.5038850 -0.1006919 0.0697833 0.0568438 -0.1022962 0.5539475 -0.1050862 -0.1338749 -0.1423917
-0.1081883 -0.0921412 0.0700648 -0.0212566 -0.0266302 0.0350986 0.2053828 1.4419808 -0.0623829 -0.0246796 -0.0717393 -0.1196241 -0.0722206 0.5550862 -0.0618372 -0.0908159 -0.0699095 -0.0860621 -0.0605834 -0.0891526 -0.1008424 -0.0708868 -0.0540163 -0.1092726 -0.0883651 0.5356191 -0.0661743 -0.1138457 -0.0825304 -0.0730589 -0.0662572 0.6099235 -0.0699633 -0.1186596 -0.0716466 -0.0894521 -0.1062833 0.3541447 0.5954573 -0.0760511 -0.0624887 -0.0983754 -0.0704383 -0.0865865 -0.0698373 -0.1113426 -0.0814719 -0.0853517 -0.0678959 -0.0624556 -0.0683041 -0.1006842 -0.0857367 0.0143087 -0.0929426 -0.0741245 -0.0529545 -0.1110902 -0.1066783 0.5032819 -0.0916943 0.0885513 -0.0790077 -0.0722746 0.5117882 0.0309077 0.2410489 -0.0774001
-0.0730125 0.4899433 -0.0713308 0.0693682 -0.0888264 -0.0945308 -0.0972849 -0.0623829 1.4911478 -0.0948503 -0.0614008 -0.0763321 -0.0756832 -0.0861128 -0.0691898 -0.0846028 -0.0790933 -0.0863037 0.9046353 -0.0837122 -0.1104997 0.8881095 -0.0996171 0.6838816 -0.1068047 -0.0776030 -0.0735316 -0.1003829 -0.0756773 -0.1108959 -0.0530009 -0.0858950 -0.1119497 -0.0592545 -0.0947111 -0.1074123 -0.0914879 -0.0683796 -0.1005768 -0.0695918 -0.0547862 0.5318818 -0.0791009 -0.0767387 -0.1077992 -0.0933029 -0.0956747 -0.0798056 0.1102869 -0.0748393 -0.0902532 -0.1093018 -0.0915071 -0.0844562 -0.1097122 -0.0678717 -0.0900276 -0.0400376 -0.0655772 -0.0715145 -0.0826015 -0.0632778 -0.0937789 -0.1099356 -0.0409161 -0.0625349 0.5869756 -0.0859446
-0.0468587 -0.1035788 0.7696813 -0.0450892 0.5750895 -0.0561242 -0.0942506 -0.0246796 -0.0948503 1.4537543 -0.1069002 -0.0184540 -0.0705343 -0.0852724 -0.0035809 -0.0637477 -0.1092083 -0.0716578 -0.1037908 -0.0001470 -0.0304830 -0.0940185 -0.0641518 -0.0820575 0.3439407 -0.0905051 -0.0933146 -0.0992039 -0.1109988 -0.1173808 -0.0701048 -0.0882638 0.0068186 -0.0946134 -0.1016420 0.3439326 0.2659017 -0.1139817 -0.0994998 -0.0150387 -0.0632493 -0.0918785 -0.1101213 -0.1155168 -0.1281235 -0.0449063 -0.0932230 -0.1104838 -0.0473325 -0.1085123 -0.0712788 -0.0316277 -0.0929756 0.7715054 0.3321432 -0.0707806 -0.0953838 -0.0784118 -0.0915144 -0.0987339 -0.0637849 0.0031822 -0.0907296 -0.0922868 -0.0915541 0.7735002 -0.0923614 -0.0776130
-0.0911602 -0.0930960 -0.0858097 0.0554034 -0.0906881 -0.0950456 -0.1107620 -0.0717393 -0.0614008 -0.1069002 1.4332224 -0.0819446 -0.0588018 -0.0890296 -0.0709643 -0.0971857 0.9513817 -0.0854373 -0.0707820 -0.0801371 -0.0933165 -0.0381664 -0.0980593 -0.0357911 -0.1105689 -0.0715739 -0.0874393 -0.0859431 -0.0763870 -0.1168222 -0.0605253 -0.0829339 -0.0913986 -0.0885976 -0.1097381 -0.1102193 -0.1040349 -0.0681303 -0.0839499 -0.0864546 -0.0636999 0.2799745 0.9567771 -0.0806382 -0.1278264 -0.1022655 -0.1045349 -0.0778416 -0.0756939 0.9362444 -0.0776162 -0.0922857 -0.1085874 -0.0948696 -0.1125973 -0.0427078 -0.1032047 0.5292169 -0.0892967 -0.0456546 -0.0981275 -0.0929031 -0.1039955 -0.1325963 -0.0568358 -0.0864799 -0.0815729 -0.0832296
1.0370046 -0.0778547 0.0366559 -0.1800524 0.0086512 0.0426988 0.1668685 -0.1196241 -0.0763321 -0.0184540 -0.0819446 1.6072042 -0.1042240 -0.0143010 -0.0841893 -0.0664053 -0.0913452 -0.0959263 -0.0727663 -0.0413639 -0.1641440 -0.0679671 -0.0902117 -0.1448649 -0.0958881 -0.0836044 0.0145967 -0.1261231 -0.0278138 -0.0332341 -0.0998603 -0.0367943 -0.0687332 -0.0303029 0.1963188 -0.0964377 -0.1312584 -0.1331811 -0.0155935 0.0037047 -0.0656638 0.1810957 -0.0892687 -0.0285557 0.0181460 1.0541763 -0.0688915 -0.0330085 0.1966190 -0.0921775 -0.0794212 -0.1633431 -0.0760866 0.0653058 -0.0928433 -0.1031461 -0.0318951 0.4846563 -0.0116018 -0.1055664 -0.0643886 -0.1062894 -0.0706905 0.0767542 -0.1010793 -0.0252474 -0.0925816 -0.0872180
-0.1061185 0.4496881 -0.0527149 -0.0739522 0.3337027 0.1263317 -0.0373465 -0.0722206 -0.0756832 -0.0705343 -0.0588018 -0.1042240 1.5464437 -0.0952647 -0.0871336 -0.0988189 -0.0522749 -0.1041761 -0.0694999 -0.0518316 -0.1456326 -0.0865330 -0.0842078 -0.0230153 -0.1130148 -0.1065561 -0.0705266 -0.0198021 -0.0276801 -0.0372536 1.0027118 -0.0803980 -0.0600291 -0.0010913 -0.0836155 -0.1124833 -0.0960432 0.5833622 -0.0731622 -0.0569897 -0.0698844 -0.1012225 -0.0527209 0.0010497 0.0013746 -0.1081290 -0.0782327 -0.0207847 -0.0608906 -0.0485288 -0.1041877 -0.1442852 -0.0802871 -0.0194753 -0.1120456 1.0013844 -0.0709098 -0.0830660 0.0245928 -0.1131786 -0.1003688 -0.0822983 -0.0743120 0.0166892 -0.1031889 -0.0551374 -0.0934017 -0.0849079
-0.0048727 -0.1224797 0.0140707 -0.1382371 -0.1004599 -0.0450220 -0.0778129 0.5550862 -0.0861128 -0.0852724 -0.0890296 -0.0143010 -0.0952647 1.6148081 -0.0519017 -0.0388972 -0.0819536 -0.0472738 -0.0814213 -0.0479793 -0.0407938 -0.0927182 0.0469981 -0.1079544 -0.0864507 -0.0805338 -0.0557794 -0.0147592 -0.0919375 -0.0677962 -0.0943537 1.0642145 0.0102648 0.0945536 -0.0215933 -0.0885281 -0.0643132 0.3695693 1.0094376 -0.1078633 -0.0864132 -0.1115768 -0.0826457 -0.0939185 -0.0681178 0.0219830 -0.0606013 -0.0967648 -0.1234340 -0.0813988 -0.0245238 -0.0397900 -0.0673236 -0.0544919 -0.0937945 -0.1029483 0.2604694 -0.0781992 0.0843961 -0.1044990 -0.0427666 -0.1274532 -0.0619315 -0.0770389 -0.1179748 -0.0388061 0.3923911 -0.0509062
-0.0958594 -0.0997868 0.0432367 0.0054153 -0.0154048 -0.1088515 -0.1225562 -0.0618372 -0.0691898 -0.0035809 -0.0709643 -0.0841893 -0.0871336 -0.0519017 1.4050926 -0.0950840 -0.0775891 -0.0748747 -0.0744855 -0.0778568 0.0320970 -0.0598247 -0.1185819 -0.0755004 -0.0952019 -0.0748271 -0.0701169 -0.0826526 0.8827094 -0.1056047 -0.0500585 -0.0611682 -0.0925681 -0.0490869 -0.0875348 -0.0957366 -0.0924762 -0.0437797 -0.0783332 -0.0771832 -0.0386022 -0.0762671 -0.0781732 0.8793167 -0.1293143 -0.0978715 -0.0825344 0.8847632 -0.0585061 -0.0750853 -0.0863620 0.0291540 -0.0887117 0.0319519 -0.1007810 -0.0528935 -0.0465011 -0.0591875 -0.0698531 0.0778245 -0.0958713 -0.1327779 -0.0835571 -0.1456515 -0.0475555 0.0609522 0.0231338 -0.0884674
-0.0660388 -0.1164773 -0.0931708 -0.1175650 -0.0954109 -0.0806685 -0.1021743 -0.0908159 -0.0846028 -0.0637477 -0.0971857 -0.0664053 -0.0988189 -0.0388972 -0.0950840 1.5344291 -0.0894115 -0.0989932 -0.0807412 -0.0895226 -0.0691821 -0.1085743 0.9876597 -0.0625503 -0.0628001 -0.1060285 -0.0743250 -0.0102924 -0.0460425 -0.0590334 -0.1066202 -0.0390888 -0.0656567 -0.0657686 -0.0562398 -0.0621882 -0.0817226 -0.1120354 -0.0632083 -0.0826105 -0.0830815 -0.1300934 -0.0901524 -0.0590008 -0.0392091 -0.0587748 0.0067309 -0.0676465 -0.1178309 -0.0866085 -0.0908872 -0.0678311 -0.0285637 -0.0802894 -0.0529540 -0.1115715 -0.0778286 -0.1055089 -0.0641081 -0.1171247 1.0593427 0.7175333 -0.0208609 -0.0347670 -0.1051827 -0.0725055 -0.0778237 -0.0580732
-0.1004619 -0.0990265 -0.0874596 0.0480368 -0.0897019 -0.0969940 -0.1142921 -0.0699095 -0.0790933 -0.1092083 0.9513817 -0.0913452 -0.0522749 -0.0819536 -0.0775891 -0.0894115 1.4643058 -0.0851553 -0.0877225 -0.0870840 -0.0912202 -0.0558374 -0.0899380 -0.0496124 -0.1114553 -0.0751509 -0.0949475 -0.0898765 -0.0839895 -0.1152859 -0.0549966 -0.0753713 -0.0969730 -0.0897048 -0.1173170 -0.1112204 -0.1073137 -0.0622880 -0.0774317 -0.0953299 -0.0713773 0.2725017 0.9934267 -0.0884044 -0.1270161 -0.1111835 -0.0923866 -0.0854182 -0.0883424 0.9587566 -0.0782453 -0.0900143 -0.0972293 -0.0969530 -0.1135582 -0.0365642 -0.1026621 0.5361295 -0.0903682 -0.0516376 -0.0904644 -0.0910359 -0.0919407 -0.1322704 -0.0630082 -0.0882112 -0.0911016 -0.0839056
-0.0982614 -0.0917222 -0.0824796 -0.0879943 -0.0461561 -0.1318681 -0.1350531 -0.0860621 -0.0863037 -0.0716578 -0.0854373 -0.0959263 -0.1041761 -0.0472738 -0.0748747 -0.0989932 -0.0851553 1.5676411 -0.0833921 -0.0797265 -0.1265355 -0.0868212 -0.1142851 -0.0768762 -0.0757586 -0.0829309 -0.0528663 -0.1180001 -0.0799347 -0.0181510 -0.0904451 -0.0561712 -0.0950736 -0.0058350 -0.0397210 -0.0753029 -0.0765348 -0.0631990 -0.0726499 0.1481855 -0.0579574 -0.1210760 -0.0847851 -0.0663869 -0.0127159 -0.0823534 0.0516444 -0.0655763 -0.0489713 -0.0848940 1.0948910 -0.1256528 0.1933236 -0.0679038 -0.0759263 -0.0986058 0.2112889 -0.1072962 -0.0398363 -0.0877446 -0.0992090 0.0542215 0.0590190 -0.0150004 -0.0882625 -0.0473489 -0.1043988 1.0857503
-0.0703213 0.4959768 -0.0813272 0.0542321 -0.0924826 -0.1065715 -0.1004011 -0.0605834 0.9046353 -0.1037908 -0.0707820 -0.0727663 -0.0694999 -0.0814213 -0.0744855 -0.0807412 -0.0877225 -0.0833921 1.4753523 -0.0881192 -0.1057322 0.8763620 -0.0956369 0.6683607 -0.1064654 -0.0759986 -0.0804098 -0.1061739 -0.0795933 -0.1019704 -0.0470451 -0.0800335 -0.1150592 -0.0751403 -0.0984253 -0.1071254 -0.0951668 -0.0613794 -0.0949156 -0.0767960 -0.0641584 0.5226463 -0.0878206 -0.0807897 -0.0987690 -0.0886911 -0.0547171 -0.0834615 0.1035585 -0.0839374 -0.0908742 -0.1044272 -0.0521742 -0.0937877 -0.1091390 -0.0622700 -0.1019116 -0.0443424 -0.0812200 -0.0758411 -0.0785588 -0.0669810 -0.0527123 -0.1003140 -0.0454374 -0.0734460 0.5821788 -0.0864517
-0.0635101 -0.0798867 -0.0906478 -0.0855864 -0.0754233 -0.0886370 -0.0961906 -0.0891526 -0.0837122 -0.0001470 -0.0801371 -0.0413639 -0.0518316 -0.0479793 -0.0778568 -0.0895226 -0.0870840 -0.0797265 -0.0881192 1.6454055 0.0847787 -0.0255848 0.0291521 -0.1125136 -0.0613131 -0.0673001 -0.0618672 0.2035375 -0.0892834 -0.0833354 -0.0401871 -0.0447547 1.0564525 -0.0716691 -0.0656613 -0.0595176 0.3418669 -0.0429552 -0.0166831 0.9957126 -0.0594741 -0.0409621 -0.0872414 -0.0905491 -0.1058236 -0.0584311 -0.0198035 -0.0914827 0.8525253 -0.0896980 -0.0584528 0.0796871 -0.0480581 -0.0851640 -0.0543977 -0.0433951 -0.0680243 -0.0449337 -0.0706569 -0.0358362 -0.0911657 -0.0100611 -0.0174594 -0.1353072 -0.0593989 -0.0916709 -0.0826777 -0.0667380
-0.1606407 -0.1359795 0.0508925 -0.0897115 -0.0290862 -0.0075843 -0.0620218 -0.1008424 -0.1104997 -0.0304830 -0.0933165 -0.1641440 -0.1456326 -0.0407938 0.0320970 -0.0691821 -0.0912202 -0.1265355 -0.1057322 0.0847787 1.5614625 -0.0956430 -0.0751519 -0.0813544 -0.0650919 -0.1089959 -0.0998221 -0.0286851 -0.0436261 0.8539615 -0.1621977 -0.0522850 0.0471662 0.0722675 -0.1138296 -0.0626896 -0.1008866 -0.1509083 -0.0783494 0.0349971 -0.1036827 -0.1240211 -0.0919364 -0.0491626 0.7850990 -0.1560845 0.0254467 -0.0438569 -0.0140628 -0.0944768 -0.1297776 0.9328219 -0.0030904 0.0471787 -0.0383248 -0.1594690 0.0615983 -0.1436415 0.0647525 -0.1100499 -0.0687106 -0.0931115 0.0266304 0.6429355 -0.1253592 0.0680108 -0.0935259 -0.1287113
-0.0657646 0.4675170 -0.0725884 0.0548732 -0.0931674 -0.0919513 -0.0960056 -0.0708868 0.8881095 -0.0940185 -0.0381664 -0.0679671 -0.0865330 -0.0927182 -0.0598247 -0.1085743 -0.0558374 -0.0868212 0.8763620 -0.0255848 -0.0956430 1.4583770 -0.1175220 0.6610446 -0.1133358 -0.0803376 -0.0931149 -0.1042171 -0.0673442 -0.1093144 -0.0634275 -0.0938637 -0.0587792 -0.0537797 -0.1120971 -0.1138377 -0.0778162 -0.0778941 -0.1088985 -0.0144763 -0.0738000 0.5317298 -0.0557982 -0.0683424 -0.1095835 -0.0872439 -0.1035509 -0.0713378 0.1579240 -0.0523214 -0.0889613 -0.0944832 -0.1000578 -0.0858441 -0.1158010 -0.0774748 -0.0847794 -0.0200195 -0.0606178 -0.0697938 -0.1068196 -0.0770048 -0.1010299 -0.1147598 -0.0440315 -0.0643578 0.5662694 -0.0862104
-0.0911598 -0.1185836 -0.1057185 -0.1209189 -0.1055313 -0.0937830 -0.1231960 -0.0540163 -0.0996171 -0.0641518 -0.0980593 -0.0902117 -0.0842078 0.0469981 -0.1185819 0.9876597 -0.0899380 -0.1142851 -0.0956369 0.0291521 -0.0751519 -0.1175220 1.4921201 -0.0794823 -0.0485126 -0.1249021 -0.0666812 0.0291660 -0.0776468 -0.0811048 -0.0918984 0.0512711 0.0588028 -0.0651901 -0.0515336 -0.0477059 -0.0242772 -0.0680868 0.0288753 0.0122669 -0.0770659 -0.1413800 -0.0909276 -0.0894756 -0.0633321 -0.0804170 0.0091634 -0.0981735 -0.0417493 -0.0879658 -0.1038713 -0.0742138 -0.0283801 -0.0978125 -0.0398844 -0.0970949 -0.0644524 -0.1167587 -0.0638291 -0.1366233 0.9859413 0.6589746 -0.0162301 -0.0591421 -0.1265561 -0.0902011 -0.0532871 -0.0759011
-0.1215320 0.3636774 -0.0631717 0.1752536 -0.0672276 0.1130198 0.0147090 -0.1092726 0.6838816 -0.0820575 -0.0357911 -0.1448649 -0.0230153 -0.1079544 -0.0755004 -0.0625503 -0.0496124 -0.0768762 0.6683607 -0.1125136 -0.0813544 0.6610446 -0.0794823 1.3385171 -0.1008067 -0.0844772 0.0424108 0.0415093 -0.0916749 -0.1223717 -0.0207168 -0.1286386 -0.1263588 0.1966665 -0.0059991 -0.1016968 -0.0709476 -0.0945493 -0.1373033 -0.1096171 0.0705967 0.3739399 -0.0499972 -0.0895273 -0.1246928 -0.1509489 -0.1441444 -0.0931911 0.0027679 -0.0450299 -0.0774978 -0.0795383 -0.1377987 -0.0700929 -0.1044906 -0.0241326 0.1205981 -0.0756653 0.1896025 -0.0779637 -0.0618021 -0.0515598 -0.1425908 -0.1346023 -0.0382023 -0.0465358 0.3918976 -0.0737608
-0.0896676 -0.1190498 -0.0649432 -0.1119774 -0.0975280 -0.0768101 -0.0698915 -0.0883651 -0.1068047 0.3439407 -0.1105689 -0.0958881 -0.1130148 -0.0864507 -0.0952019 -0.0628001 -0.1114553 -0.0757586 -0.1064654 -0.0613131 -0.0650919 -0.1133358 -0.0485126 -0.1008067 1.5924661 -0.0880372 -0.0865426 -0.0905423 -0.0896307 0.0991228 -0.1235130 -0.0700160 0.0013488 -0.0578688 -0.0902012 1.1201735 0.7933437 -0.1123444 -0.0712978 -0.1115524 -0.1078746 -0.1202830 -0.1117952 -0.0884700 0.1202809 -0.0957433 -0.0672982 -0.0872393 -0.1348605 -0.1108422 -0.0774486 -0.0628747 -0.0619807 -0.0723871 1.0978316 -0.1211996 -0.0768638 -0.1167977 -0.0633847 -0.1066211 -0.0639327 -0.1099509 -0.0638205 0.2465632 -0.0997797 -0.0587930 -0.1011168 -0.0833780
-0.0508548 -0.0830481 -0.0622613 0.0662781 -0.0970894 0.2791002 0.5798318 0.5356191 -0.0776030 -0.0905051 -0.0715739 -0.0836044 -0.1065561 -0.0805338 -0.0748271 -0.1060285 -0.0751509 -0.0829309 -0.0759986 -0.0673001 -0.1089959 -0.0803376 -0.1249021 -0.0844772 -0.0880372 1.5562824 -0.0646661 -0.1292123 -0.0586090 -0.0743381 -0.1090956 -0.0511056 -0.0873048 -0.0520611 -0.0877261 -0.0884187 -0.1098076 0.1214813 -0.0295598 -0.0081466 -0.0412226 -0.0795638 -0.0755028 -0.0646042 -0.0759364 -0.0941959 0.0691698 -0.0576431 0.0210357 -0.0661131 -0.0870620 -0.1094870 0.0602637 -0.0867489 -0.0885478 -0.1084638 -0.1266049 -0.0880304 -0.0239418 0.9106378 -0.1036305 0.2316098 0.0741007 -0.0725984 0.9472961 -0.0792472 -0.0512897 -0.0809655
0.0010882 -0.0940679 -0.0688493 0.7310107 -0.0789604 -0.1097977 -0.1090131 -0.0661743 -0.0735316 -0.0933146 -0.0874393 0.0145967 -0.0705266 -0.0557794 -0.0701169 -0.0743250 -0.0949475 -0.0528663 -0.0804098 -0.0618672 -0.0998221 -0.0931149 -0.0666812 0.0424108 -0.0865426 -0.0646661 1.5681973 0.7594243 -0.0787696 -0.0336782 -0.0967380 -0.0472291 0.0009363 -0.0951339 0.9285817 -0.0871978 -0.0293561 -0.1126983 0.0790676 -0.1065162 1.0058558 -0.1061671 -0.0958764 -0.0794745 0.0018821 0.0617491 -0.0746969 -0.0738275 -0.1201164 -0.0876576 -0.0496808 -0.0997050 -0.0699736 -0.0331638 -0.0867281 -0.0863090 -0.0987344 -0.0812165 -0.0911693 -0.0344483 -0.0737386 -0.0962609 -0.0730243 0.0061694 0.0111318 -0.0605844 -0.1091078 -0.0518324
-0.1243281 -0.0767894 -0.1089326 0.5552455 -0.0944720 0.0116530 -0.0697956 -0.1138457 -0.1003829 -0.0992039 -0.0859431 -0.1261231 -0.0198021 -0.0147592 -0.0826526 -0.0102924 -0.0898765 -0.1180001 -0.1061739 0.2035375 -0.0286851 -0.1042171 0.0291660 0.0415093 -0.0905423 -0.1292123 0.7594243 1.4316854 -0.1016146 -0.0811811 -0.0493423 -0.0233479 0.2596773 0.0925869 0.6707850 -0.0913101 0.0718585 -0.0990361 0.0689325 0.1017092 0.7648980 -0.1402650 -0.0911694 -0.1023588 -0.0711282 -0.0871952 0.0196595 -0.0983040 0.0332219 -0.0866300 -0.1218723 -0.0294207 0.0026011 -0.0840904 -0.0910134 -0.0368107 0.0574367 -0.1413512 0.0939824 -0.1127061 -0.0106327 -0.0789796 0.0196065 -0.0841940 -0.0776587 -0.0967565 -0.1196564 -0.1246542
-0.0393623 -0.0755569 -0.1033134 -0.0160824 -0.1024806 -0.1162022 -0.1129624 -0.0825304 -0.0756773 -0.1109988 -0.0763870 -0.0278138 -0.0276801 -0.0919375 0.8827094 -0.0460425 -0.0839895 -0.0799347 -0.0795933 -0.0892834 -0.0436261 -0.0673442 -0.0776468 -0.0916749 -0.0896307 -0.0586090 -0.0787696 -0.1016146 1.4827684 -0.1367766 0.0159194 -0.0978942 -0.1049253 -0.0772991 -0.0844401 -0.0899818 -0.0964353 -0.0057680 -0.1102535 -0.0757312 -0.0553520 -0.0697574 -0.0843733 0.9895856 -0.1472649 -0.0421364 -0.1067265 0.9914935 -0.0397284 -0.0802846 -0.0888944 -0.0463310 -0.1122041 -0.1091528 -0.0947935 0.0118230 -0.0831428 -0.0297080 -0.0966327 0.1112296 -0.0470249 -0.1053739 -0.1094693 -0.1492429 -0.0265816 -0.0875738 0.0106332 -0.0866345
-0.0384730 -0.0897155 -0.1125542 -0.1007427 -0.1081195 -0.1133308 -0.1031786 -0.0730589 -0.1108959 -0.1173808 -0.1168222 -0.0332341 -0.0372536 -0.0677962 -0.1056047 -0.0590334 -0.1152859 -0.0181510 -0.1019704 -0.0833354 0.8539615 -0.1093144 -0.0811048 -0.1223717 0.0991228 -0.0743381 -0.0336782 -0.0811811 -0.1367766 1.5693806 -0.0528421 -0.0546644 -0.1116969 -0.1068994 -0.0207749 0.1031125 -0.0670143 -0.0531884 -0.0627715 -0.0733941 -0.0684752 -0.1127517 -0.1151816 -0.1355305 0.9609114 -0.0189291 -0.0782024 -0.1364915 -0.0926346 -0.1150300 -0.0064976 0.8548595 -0.0813038 -0.1042092 0.1302665 -0.0546113 -0.0840704 -0.0972038 -0.1084381 -0.0856469 -0.0582634 -0.0626850 -0.0760391 0.8567801 -0.0846221 -0.1024710 -0.1036789 0.0005377
-0.1058961 0.4632111 -0.0492454 -0.0925025 0.3372543 0.0871340 -0.0642531 -0.0662572 -0.0530009 -0.0701048 -0.0605253 -0.0998603 1.0027118 -0.0943537 -0.0500585 -0.1066202 -0.0549966 -0.0904451 -0.0470451 -0.0401871 -0.1621977 -0.0634275 -0.0918984 -0.0207168 -0.1235130 -0.1090956 -0.0967380 -0.0493423 0.0159194 -0.0528421 1.5449573 -0.0764935 -0.0524606 -0.0447032 -0.1063915 -0.1229832 -0.1027451 0.5966811 -0.0710572 -0.0384221 -0.0951436 -0.0854800 -0.0553704 0.0451784 -0.0135339 -0.1068077 -0.0880537 0.0227858 -0.0376601 -0.0511694 -0.0894460 -0.1610219 -0.0879010 -0.0168831 -0.1227888 1.0060461 -0.1038815 -0.0776732 -0.0205763 -0.1071374 -0.1082235 -0.0835943 -0.0840156 0.0029795 -0.1045102 -0.0515376 -0.0697047 -0.0699652
-0.0333692 -0.1159793 0.0072864 -0.1367895 -0.1026172 -0.1079420 -0.1127502 0.6099235 -0.0858950 -0.0882638 -0.0829339 -0.0367943 -0.0803980 1.0642145 -0.0611682 -0.0390888 -0.0753713 -0.0561712 -0.0800335 -0.0447547 -0.0522850 -0.0938637 0.0512711 -0.1286386 -0.0700160 -0.0511056 -0.0472291 -0.0233479 -0.0978942 -0.0546644 -0.0764935 1.6564575 0.0161777 0.0022677 -0.0150635 -0.0718037 -0.0578889 0.4184523 1.0594493 -0.1039804 -0.0796797 -0.1151202 -0.0759650 -0.0999409 -0.0508184 -0.0008152 -0.0689825 -0.1032120 -0.1188777 -0.0740703 -0.0313129 -0.0515520 -0.0759747 -0.0632843 -0.0771071 -0.0871345 0.1808811 -0.0848530 -0.0062574 -0.0738622 -0.0432327 -0.1172756 -0.0703265 -0.0569269 -0.0890922 -0.0477171 0.4164239 -0.0569323
-0.0888329 -0.0969214 -0.1059058 -0.0505447 -0.0943300 -0.0988859 -0.1114293 -0.0699633 -0.1119497 0.0068186 -0.0913986 -0.0687332 -0.0600291 0.0102648 -0.0925681 -0.0656567 -0.0969730 -0.0950736 -0.1150592 1.0564525 0.0471662 -0.0587792 0.0588028 -0.1263588 0.0013488 -0.0873048 0.0009363 0.2596773 -0.1049253 -0.1116969 -0.0524606 0.0161777 1.6323673 -0.0673077 -0.0092796 0.0028580 0.3870441 -0.0330296 0.0508917 0.9412421 0.0005354 -0.0751506 -0.0974506 -0.1067851 -0.1302319 -0.0780928 0.0118993 -0.1070089 0.7916512 -0.0995793 -0.0771308 0.0424209 -0.0192512 -0.1025494 0.0059935 -0.0547133 -0.0574062 -0.0709258 -0.0668093 -0.0623307 -0.0673964 -0.0185970 0.0135713 -0.1484517 -0.0818283 -0.1081849 -0.0802997 -0.0867509
0.0611933 -0.0714323 -0.0992832 0.0098637 -0.1043332 0.7830600 0.4882418 -0.1186596 -0.0592545 -0.0946134 -0.0885976 -0.0303029 -0.0010913 0.0945536 -0.0490869 -0.0657686 -0.0897048 -0.0058350 -0.0751403 -0.0716691 0.0722675 -0.0537797 -0.0651901 0.1966665 -0.0578688 -0.0520611 -0.0951339 0.0925869 -0.0772991 -0.1068994 -0.0447032 0.0022677 -0.0673077 1.5968494 -0.1121380 -0.0602558 0.0068051 -0.1318475 -0.0486965 -0.0977166 -0.0791951 -0.0778880 -0.0910247 -0.0690863 -0.1375985 -0.0130163 -0.1195090 -0.0737261 -0.1393879 -0.0893571 -0.0001557 0.0745580 -0.1154156 -0.1155466 -0.0640568 -0.0237450 0.8735108 -0.0864444 1.0104028 -0.0815511 -0.0683726 -0.0948920 -0.1183060 -0.1633707 -0.0471469 -0.0956129 -0.0910025 -0.0109345
0.1771071 -0.1045504 -0.0740050 0.6180586 -0.0840022 -0.1190414 -0.0929873 -0.0716466 -0.0947111 -0.1016420 -0.1097381 0.1963188 -0.0836155 -0.0215933 -0.0875348 -0.0562398 -0.1173170 -0.0397210 -0.0984253 -0.0656613 -0.1138296 -0.1120971 -0.0515336 -0.0059991 -0.0902012 -0.0877261 0.9285817 0.6707850 -0.0844401 -0.0207749 -0.1063915 -0.0150635 -0.0092796 -0.1121380 1.5257908 -0.0907997 -0.0488307 -0.1127693 0.1033203 -0.0981044 0.9028790 -0.0841552 -0.1177748 -0.0852078 0.0220399 0.2421771 -0.0570078 -0.0809599 -0.0850281 -0.1111110 -0.0346004 -0.1133970 -0.0527429 -0.0369335 -0.0892224 -0.0985491 -0.1009300 -0.0043501 -0.1063228 -0.0675422 -0.0551911 -0.0975204 -0.0561545 0.0366842 -0.0265354 -0.0773853 -0.1114477 -0.0379421
-0.0902684 -0.1195732 -0.0663194 -0.1124552 -0.0983543 -0.0785825 -0.0715600 -0.0894521 -0.1074123 0.3439326 -0.1102193 -0.0964377 -0.1124833 -0.0885281 -0.0957366 -0.0621882 -0.1112204 -0.0753029 -0.1071254 -0.0595176 -0.0626896 -0.1138377 -0.0477059 -0.1016968 1.1201735 -0.0884187 -0.0871978 -0.0913101 -0.0899818 0.1031125 -0.1229832 -0.0718037 0.0028580 -0.0602558 -0.0907997 1.5990342 0.7956166 -0.1124879 -0.0730211 -0.1094919 -0.1084925 -0.1206131 -0.1115316 -0.0887889 0.1240013 -0.0962894 -0.0699345 -0.0875410 -0.1332779 -0.1106524 -0.0766485 -0.0610408 -0.0644279 -0.0736488 1.1041138 -0.1206085 -0.0791415 -0.1168852 -0.0656363 -0.1067100 -0.0632630 -0.1090306 -0.0663290 0.2508596 -0.0999719 -0.0598849 -0.1022266 -0.0823919
-0.1281774 -0.1062570 -0.0730577 -0.0517138 -0.0930932 -0.0421364 -0.0727425 -0.1062833 -0.0914879 0.2659017 -0.1040349 -0.1312584 -0.0960432 -0.0643132 -0.0924762 -0.0817226 -0.1073137 -0.0765348 -0.0951668 0.3418669 -0.1008866 -0.0778162 -0.0242772 -0.0709476 0.7933437 -0.1098076 -0.0293561 0.0718585 -0.0964353 -0.0670143 -0.1027451 -0.0578889 0.3870441 0.0068051 -0.0488307 0.7956166 1.4323753 -0.1046287 -0.0458791 0.2582381 -0.0365213 -0.1050687 -0.1079918 -0.0954146 -0.0589645 -0.1338717 -0.0562206 -0.0945083 0.1795701 -0.1077013 -0.0723351 -0.1009066 -0.0600559 -0.0778749 0.7827834 -0.0997497 -0.0157747 -0.1233491 0.0009785 -0.1105049 -0.0833569 -0.0966279 -0.0524847 0.0287410 -0.1090907 -0.0662295 -0.0931093 -0.0812012
-0.1357340 0.2323320 -0.0664453 -0.1126058 0.1300034 -0.0129068 -0.0259435 0.3541447 -0.0683796 -0.1139817 -0.0681303 -0.1331811 0.5833622 0.3695693 -0.0437797 -0.1120354 -0.0622880 -0.0631990 -0.0613794 -0.0429552 -0.1509083 -0.0778941 -0.0680868 -0.0945493 -0.1123444 0.1214813 -0.1126983 -0.0990361 -0.0057680 -0.0531884 0.5966811 0.4184523 -0.0330296 -0.1318475 -0.1127693 -0.1124879 -0.1046287 1.3868673 0.4075355 -0.0405987 -0.1191197 -0.1082326 -0.0626517 0.0107216 -0.0248810 -0.1279178 -0.1018161 -0.0035553 -0.0461009 -0.0569010 -0.0493408 -0.1502027 -0.1003183 -0.0812512 -0.1141264 0.5866961 -0.0919883 -0.1047622 -0.1167246 0.1151843 -0.1142297 -0.0425965 -0.0985017 -0.0155736 0.1082069 -0.0912242 0.1452239 -0.0452359
-0.0171481 -0.1193198 -0.0119442 -0.0492762 -0.1100300 -0.1336362 -0.1188412 0.5954573 -0.1005768 -0.0994998 -0.0839499 -0.0155935 -0.0731622 1.0094376 -0.0783332 -0.0632083 -0.0774317 -0.0726499 -0.0949156 -0.0166831 -0.0783494 -0.1088985 0.0288753 -0.1373033 -0.0712978 -0.0295598 0.0790676 0.0689325 -0.1102535 -0.0627715 -0.0710572 1.0594493 0.0508917 -0.0486965 0.1033203 -0.0730211 -0.0458791 0.4075355 1.6251078 -0.0810925 0.0439393 -0.1206408 -0.0780649 -0.1123555 -0.0520751 0.0233122 -0.0686350 -0.1147102 -0.0950423 -0.0755406 -0.0483441 -0.0778130 -0.0766033 -0.0742970 -0.0780676 -0.0804628 0.1219021 -0.0774421 -0.0540251 -0.0494391 -0.0667520 -0.1262874 -0.0693209 -0.0534172 -0.0589131 -0.0661651 0.3806636 -0.0730887
-0.0198469 -0.0899854 -0.0865881 -0.1109117 -0.0634819 -0.0935220 -0.0801215 -0.0760511 -0.0695918 -0.0150387 -0.0864546 0.0037047 -0.0569897 -0.1078633 -0.0771832 -0.0826105 -0.0953299 0.1481855 -0.0767960 0.9957126 0.0349971 -0.0144763 0.0122669 -0.1096171 -0.1115524 -0.0081466 -0.1065162 0.1017092 -0.0757312 -0.0733941 -0.0384221 -0.1039804 0.9412421 -0.0977166 -0.0981044 -0.1094919 0.2582381 -0.0405987 -0.0810925 1.6063114 -0.1042743 -0.0268318 -0.0950283 -0.0730860 -0.0866434 -0.0180054 -0.1320518 -0.0769458 0.8317785 -0.0951568 0.1860453 0.0306131 -0.1248697 -0.0762356 -0.1031812 -0.0448004 -0.0604982 -0.0248996 -0.1002855 0.0349038 -0.0843534 0.0699163 -0.1291113 -0.1152936 0.0112491 -0.0819390 -0.0954842 0.1800666
-0.0767875 -0.0875414 -0.0260063 0.7629033 -0.0467865 -0.0924115 -0.1034032 -0.0624887 -0.0547862 -0.0632493 -0.0636999 -0.0656638 -0.0698844 -0.0864132 -0.0386022 -0.0830815 -0.0713773 -0.0579574 -0.0641584 -0.0594741 -0.1036827 -0.0738000 -0.0770659 0.0705967 -0.1078746 -0.0412226 1.0058558 0.7648980 -0.0553520 -0.0684752 -0.0951436 -0.0796797 0.0005354 -0.0791951 0.9028790 -0.1084925 -0.0365213 -0.1191197 0.0439393 -0.1042743 1.5725491 -0.1032574 -0.0723009 -0.0566107 -0.0394198 -0.0228086 -0.0868425 -0.0500866 -0.1271872 -0.0636198 -0.0563022 -0.1038508 -0.0819580 0.0080155 -0.1091870 -0.0837852 -0.0934711 -0.1046464 -0.0758580 -0.0034734 -0.0823945 -0.0853851 -0.0847265 -0.0410859 0.0408822 -0.0118919 -0.1051124 -0.0576182
0.1722112 0.2496346 -0.0627432 0.0000656 -0.0851197 -0.0780155 -0.0510449 -0.0983754 0.5318818 -0.0918785 0.2799745 0.1810957 -0.1012225 -0.1115768 -0.0762671 -0.1300934 0.2725017 -0.1210760 0.5226463 -0.0409621 -0.1240211 0.5317298 -0.1413800 0.3739399 -0.1202830 -0.0795638 -0.1061671 -0.1402650 -0.0697574 -0.1127517 -0.0854800 -0.1151202 -0.0751506 -0.0778880 -0.0841552 -0.1206131 -0.1050687 -0.1082326 -0.1206408 -0.0268318 -0.1032574 1.2825410 0.2749121 -0.0722913 -0.1062244 0.1553683 -0.1158493 -0.0739173 0.1364279 0.2695017 -0.1169501 -0.1229095 -0.1183350 -0.0682140 -0.1218318 -0.0892256 -0.1081520 0.2909237 -0.0773673 -0.0689184 -0.1286996 -0.1089083 -0.1140911 -0.0974799 -0.0565228 -0.0723087 0.3073219 -0.1187304
-0.0985044 -0.0995910 -0.0883689 0.0475922 -0.0903161 -0.0979839 -0.1149224 -0.0704383 -0.0791009 -0.1101213 0.9567771 -0.0892687 -0.0527209 -0.0826457 -0.0781732 -0.0901524 0.9934267 -0.0847851 -0.0878206 -0.0872414 -0.0919364 -0.0557982 -0.0909276 -0.0499972 -0.1117952 -0.0755028 -0.0958764 -0.0911694 -0.0843733 -0.1151816 -0.0553704 -0.0759650 -0.0974506 -0.0910247 -0.1177748 -0.1115316 -0.1079918 -0.0626517 -0.0780649 -0.0950283 -0.0723009 0.2749121 1.4753456 -0.0886375 -0.1267957 -0.1090745 -0.0940866 -0.0856530 -0.0876923 0.9640691 -0.0776374 -0.0907485 -0.0988491 -0.0977640 -0.1138631 -0.0368815 -0.1037461 0.5408446 -0.0917398 -0.0518540 -0.0913246 -0.0914657 -0.0937108 -0.1318451 -0.0634302 -0.0892504 -0.0913403 -0.0833278
-0.0395776 -0.0641723 -0.1101639 -0.0174734 -0.0973835 -0.1087847 -0.1130366 -0.0865865 -0.0767387 -0.1155168 -0.0806382 -0.0285557 0.0010497 -0.0939185 0.8793167 -0.0590008 -0.0884044 -0.0663869 -0.0807897 -0.0905491 -0.0491626 -0.0683424 -0.0894756 -0.0895273 -0.0884700 -0.0646042 -0.0794745 -0.1023588 0.9895856 -0.1355305 0.0451784 -0.0999409 -0.1067851 -0.0690863 -0.0852078 -0.0887889 -0.0954146 0.0107216 -0.1123555 -0.0730860 -0.0566107 -0.0722913 -0.0886375 1.4884918 -0.1446530 -0.0427652 -0.1210393 0.9910300 -0.0397312 -0.0843295 -0.0740176 -0.0518064 -0.1236621 -0.1149927 -0.0936972 0.0409643 -0.0749197 -0.0325103 -0.0883911 0.1058894 -0.0600486 -0.1124490 -0.1231850 -0.1457670 -0.0315019 -0.0941369 0.0078515 -0.0714565
0.0100367 -0.0722569 -0.1366898 -0.0887274 -0.1116192 -0.1277983 -0.1093265 -0.0698373 -0.1077992 -0.1281235 -0.1278264 0.0181460 0.0013746 -0.0681178 -0.1293143 -0.0392091 -0.1270161 -0.0127159 -0.0987690 -0.1058236 0.7850990 -0.1095835 -0.0633321 -0.1246928 0.1202809 -0.0759364 0.0018821 -0.0711282 -0.1472649 0.9609114 -0.0135339 -0.0508184 -0.1302319 -0.1375985 0.0220399 0.1240013 -0.0589645 -0.0248810 -0.0520751 -0.0866434 -0.0394198 -0.1062244 -0.1267957 -0.1446530 1.5565013 0.0334702 -0.1103028 -0.1474622 -0.0954360 -0.1256595 0.0031514 0.7858032 -0.1100820 -0.1245713 0.1509188 -0.0163339 -0.1121433 -0.0793831 -0.1369990 -0.0865654 -0.0384266 -0.0465691 -0.1088406 0.8538340 -0.0816585 -0.1297017 -0.1024053 0.0116449
1.0270875 -0.0873697 0.0076382 -0.1568263 -0.0167161 0.0459249 0.1649318 -0.1113426 -0.0933029 -0.0449063 -0.1022655 1.0541763 -0.1081290 0.0219830 -0.0978715 -0.0587748 -0.1111835 -0.0823534 -0.0886911 -0.0584311 -0.1560845 -0.0872439 -0.0804170 -0.1509489 -0.0957433 -0.0941959 0.0617491 -0.0871952 -0.0421364 -0.0189291 -0.1068077 -0.0008152 -0.0780928 -0.0130163 0.2421771 -0.0962894 -0.1338717 -0.1279178 0.0233122 -0.0180054 -0.0228086 0.1553683 -0.1090745 -0.0427652 0.0334702 1.6070719 -0.0484627 -0.0468449 0.1671327 -0.1116834 -0.0669923 -0.1549720 -0.0549240 0.0359317 -0.0923367 -0.1095472 -0.0064782 0.4616189 0.0050193 -0.1203228 -0.0568456 -0.1135069 -0.0501178 0.0911477 -0.1127999 -0.0539866 -0.0936371 -0.0754898
-0.0684155 0.1057664 -0.0893264 -0.1589379 -0.0484434 -0.1090735 0.0536621 -0.0814719 -0.0956747 -0.0932230 -0.1045349 -0.0688915 -0.0782327 -0.0606013 -0.0825344 0.0067309 -0.0923866 0.0516444 -0.0547171 -0.0198035 0.0254467 -0.1035509 0.0091634 -0.1441444 -0.0672982 0.0691698 -0.0746969 0.0196595 -0.1067265 -0.0782024 -0.0880537 -0.0689825 0.0118993 -0.1195090 -0.0570078 -0.0699345 -0.0562206 -0.1018161 -0.0686350 -0.1320518 -0.0868425 -0.1158493 -0.0940866 -0.1210393 -0.1103028 -0.0484627 1.5831629 -0.0975647 -0.1248772 -0.1084319 -0.0607689 0.0231625 1.0766203 -0.0838872 -0.0733978 -0.0877674 -0.0946544 -0.1083441 -0.1149946 -0.0826782 0.0134438 -0.1419307 1.1316984 -0.1057572 -0.0678609 -0.0917160 -0.1055573 -0.0637998
-0.0442826 -0.0725906 -0.1037856 -0.0119332 -0.0992789 -0.1138451 -0.1112950 -0.0853517 -0.0798056 -0.1104838 -0.0778416 -0.0330085 -0.0207847 -0.0967648 0.8847632 -0.0676465 -0.0854182 -0.0655763 -0.0834615 -0.0914827 -0.0438569 -0.0713378 -0.0981735 -0.0931911 -0.0872393 -0.0576431 -0.0738275 -0.0983040 0.9914935 -0.1364915 0.0227858 -0.1032120 -0.1070089 -0.0737261 -0.0809599 -0.0875410 -0.0945083 -0.0035553 -0.1147102 -0.0769458 -0.0500866 -0.0739173 -0.0856530 0.9910300 -0.1474622 -0.0468449 -0.0975647 1.4837983 -0.0437581 -0.0817230 -0.0759237 -0.0466699 -0.1010691 -0.1090742 -0.0926826 0.0189804 -0.0784546 -0.0333581 -0.0933873 0.1115662 -0.0686678 -0.1197661 -0.0995709 -0.1491662 -0.0262855 -0.0874665 0.0048119 -0.0740965
0.1697419 0.0226844 -0.0938103 -0.1174532 -0.0772092 -0.0895465 -0.0291858 -0.0678959 0.1102869 -0.0473325 -0.0756939 0.1966190 -0.0608906 -0.1234340 -0.0585061 -0.1178309 -0.0883424 -0.0489713 0.1035585 0.8525253 -0.0140628 0.1579240 -0.0417493 0.0027679 -0.1348605 0.0210357 -0.1201164 0.0332219 -0.0397284 -0.0926346 -0.0376601 -0.1188777 0.7916512 -0.1393879 -0.0850281 -0.1332779 0.1795701 -0.0461009 -0.0950423 0.8317785 -0.1271872 0.1364279 -0.0876923 -0.0397312 -0.0954360 0.1671327 -0.1248772 -0.0437581 1.5003713 -0.0877492 -0.0206432 -0.0177399 -0.1367102 -0.0851983 -0.1276376 -0.0463408 -0.1403506 0.0860431 -0.1340340 0.0583166 -0.1181998 0.0098524 -0.1223089 -0.1087059 0.0392540 -0.1046233 0.0252749 -0.0249886
-0.1009146 -0.0974511 -0.0865523 0.0554686 -0.0883570 -0.0931533 -0.1101497 -0.0624556 -0.0748393 -0.1085123 0.9362444 -0.0921775 -0.0485288 -0.0813988 -0.0750853 -0.0866085 0.9587566 -0.0848940 -0.0839374 -0.0896980 -0.0944768 -0.0523214 -0.0879658 -0.0450299 -0.1108422 -0.0661131 -0.0876576 -0.0866300 -0.0802846 -0.1150300 -0.0511694 -0.0740703 -0.0995793 -0.0893571 -0.1111110 -0.1106524 -0.1077013 -0.0569010 -0.0755406 -0.0951568 -0.0636198 0.2695017 0.9640691 -0.0843295 -0.1256595 -0.1116834 -0.1084319 -0.0817230 -0.0877492 1.4470253 -0.0765300 -0.0933627 -0.1124148 -0.0958746 -0.1129512 -0.0329491 -0.1032615 0.5265828 -0.0897493 -0.0406986 -0.0877927 -0.0835188 -0.1081839 -0.1304280 -0.0516008 -0.0871308 -0.0871279 -0.0816263
-0.0825886 -0.1135111 -0.0822354 -0.0839535 -0.0500242 -0.1280107 -0.1422056 -0.0683041 -0.0902532 -0.0712788 -0.0776162 -0.0794212 -0.1041877 -0.0245238 -0.0863620 -0.0908872 -0.0782453 1.0948910 -0.0908742 -0.0584528 -0.1297776 -0.0889613 -0.1038713 -0.0774978 -0.0774486 -0.0870620 -0.0496808 -0.1218723 -0.0888944 -0.0064976 -0.0894460 -0.0313129 -0.0771308 -0.0001557 -0.0346004 -0.0766485 -0.0723351 -0.0493408 -0.0483441 0.1860453 -0.0563022 -0.1169501 -0.0776374 -0.0740176 0.0031514 -0.0669923 -0.0607689 -0.0759237 -0.0206432 -0.0765300 1.5924137 -0.1288593 0.0837991 -0.0682926 -0.0763945 -0.0981783 0.2238301 -0.0945047 -0.0345004 -0.0800774 -0.0918710 0.0803308 -0.0539097 -0.0004837 -0.0809891 -0.0478076 -0.0979019 1.1172931
-0.1591856 -0.1349359 0.0490769 -0.0896930 -0.0300949 -0.0056251 -0.0607049 -0.1006842 -0.1093018 -0.0316277 -0.0922857 -0.1633431 -0.1442852 -0.0397900 0.0291540 -0.0678311 -0.0900143 -0.1256528 -0.1044272 0.0796871 0.9328219 -0.0944832 -0.0742138 -0.0795383 -0.0628747 -0.1094870 -0.0997050 -0.0294207 -0.0463310 0.8548595 -0.1610219 -0.0515520 0.0424209 0.0745580 -0.1133970 -0.0610408 -0.1009066 -0.1502027 -0.0778130 0.0306131 -0.1038508 -0.1229095 -0.0907485 -0.0518064 0.7858032 -0.1549720 0.0231625 -0.0466699 -0.0177399 -0.0933627 -0.1288593 1.5587293 -0.0051016 0.0452830 -0.0365889 -0.1582935 0.0634589 -0.1427972 0.0670446 -0.1108008 -0.0673277 -0.0925386 0.0242195 0.6441849 -0.1255500 0.0660611 -0.0927229 -0.1276204
-0.0755744 0.0991580 -0.0922625 -0.1534183 -0.0471340 -0.1180619 0.0370963 -0.0857367 -0.0915071 -0.0929756 -0.1085874 -0.0760866 -0.0802871 -0.0673236 -0.0887117 -0.0285637 -0.0972293 0.1933236 -0.0521742 -0.0480581 -0.0030904 -0.1000578 -0.0283801 -0.1377987 -0.0619807 0.0602637 -0.0699736 0.0026011 -0.1122041 -0.0813038 -0.0879010 -0.0759747 -0.0192512 -0.1154156 -0.0527429 -0.0644279 -0.0600559 -0.1003183 -0.0766033 -0.1248697 -0.0819580 -0.1183350 -0.0988491 -0.1236621 -0.1100820 -0.0549240 1.0766203 -0.1010691 -0.1367102 -0.1124148 0.0837991 -0.0051016 1.5426373 -0.0852810 -0.0686537 -0.0887382 -0.0662476 -0.1146432 -0.1153673 -0.0852600 -0.0222916 -0.1425204 1.0787296 -0.1028866 -0.0700580 -0.0904656 -0.1076082 0.0794494
0.0240111 -0.0730483 1.0124681 0.0129386 0.7855412 -0.0509251 -0.0957992 0.0143087 -0.0844562 0.7715054 -0.0948696 0.0653058 -0.0194753 -0.0544919 0.0319519 -0.0802894 -0.0969530 -0.0679038 -0.0937877 -0.0851640 0.0471787 -0.0858441 -0.0978125 -0.0700929 -0.0723871 -0.0867489 -0.0331638 -0.0840904 -0.1091528 -0.1042092 -0.0168831 -0.0632843 -0.1025494 -0.1155466 -0.0369335 -0.0736488 -0.0778749 -0.0812512 -0.0742970 -0.0762356 0.0080155 -0.0682140 -0.0977640 -0.1149927 -0.1245713 0.0359317 -0.0838872 -0.1090742 -0.0851983 -0.0958746 -0.0682926 0.0452830 -0.0852810 1.5719322 -0.0797947 -0.0187032 -0.1032137 -0.0348716 -0.1075714 -0.0939228 -0.0797951 0.0170943 -0.0815846 -0.1380340 -0.0844870 1.0092597 -0.0746052 -0.0736066
