1.2592776 -0.0509024 -0.0320461 -0.0413090 -0.0330375 -0.0391486 -0.0311772 -0.0272001 -0.0321098 -0.0282736 -0.0261039 0.0005398 0.0129314 -0.0417376 -0.0336431 0.0002016 -0.0321846 -0.0116510 -0.0151150 -0.0378892 -0.0105904 -0.0135552 -0.0202364 -0.0405405 -0.0351814 0.0882943 -0.0521556 0.0206259 -0.0348524 -0.0436046 -0.0627025 -0.0439598 -0.0523903 0.0177362 -0.0499562 -0.0346612 -0.0062183 -0.0554680 -0.0341438 -0.0211330 -0.0491706 -0.0237462 -0.0052695
-0.0509024 1.0487080 -0.0282203 -0.0631865 -0.0054426 0.0199032 -0.0219245 -0.0295910 -0.0399415 -0.0723533 0.0053885 -0.0773247 0.0121800 -0.0486846 -0.0479890 -0.0008933 -0.0265726 -0.0028972 0.0309431 -0.0691841 -0.0616337 -0.0632158 -0.0597819 -0.0497550 -0.0587866 0.0269150 0.0134972 0.0064388 -0.0155672 -0.0643808 0.0565769 0.0130473 -0.0030389 -0.0165376 0.0303036 -0.0168664 -0.0086031 0.0244022 -0.0651474 -0.0437907 0.0043331 -0.0041415 -0.0309943
-0.0320461 -0.0282203 1.1662121 -0.0168278 0.0610093 -0.0304042 0.0102937 0.1051780 -0.0361784 -0.0425442 -0.0362744 -0.0101167 -0.0362281 -0.0425553 -0.0403512 -0.0297077 -0.0392144 -0.0234177 -0.0439980 -0.0397657 -0.0525925 -0.0272580 -0.0461246 -0.0456664 -0.0527332 -0.0050733 -0.0616554 -0.0352787 -0.0158325 -0.0324872 -0.0308849 -0.0401475 -0.0424737 -0.0218642 -0.0081880 -0.0014345 -0.0037057 -0.0402786 -0.0463562 -0.0302730 -0.0170830 -0.0084456 0.0069250
-0.0413090 -0.0631865 -0.0168278 1.2531838 -0.0188243 -0.0413173 -0.0315940 -0.0099205 -0.0343709 -0.0385558 -0.0233545 -0.0475254 0.0484783 -0.0311526 -0.0568031 -0.0420635 -0.0311688 -0.0431181 0.0649767 -0.0265619 -0.0046851 -0.0335405 -0.0115267 -0.0349637 -0.0475869 -0.0037040 -0.0232189 -0.0032033 -0.0096032 -0.0406747 -0.0457246 -0.0061499 -0.0584746 -0.0172361 -0.0329665 -0.0234908 -0.0188539 -0.0284754 -0.0513921 -0.0378855 -0.0243700 -0.0138438 -0.0330400
-0.0330375 -0.0054426 0.0610093 -0.0188243 1.0788226 -0.0035811 -0.0345425 0.0080562 -0.0387993 -0.0365601 -0.0113578 -0.0302212 -0.0368363 -0.0354832 -0.0465544 -0.0397334 -0.0144990 -0.0345463 -0.0448274 -0.0512245 -0.0720832 0.0097392 -0.0250769 -0.0360559 -0.0416559 -0.0489295 0.0137182 0.0711931 -0.0218064 -0.0433921 -0.0288379 -0.0009576 -0.0343528 -0.0025267 -0.0266287 -0.0220642 0.0138406 -0.0312473 -0.0295913 -0.0355561 -0.0118478 -0.0125768 -0.0435296
-0.0391486 0.0199032 -0.0304042 -0.0413173 -0.0035811 0.9987241 -0.0366418 -0.0278857 -0.0453542 -0.0475029 0.0452317 -0.0528102 -0.0096528 -0.0310680 -0.0610494 0.0242767 -0.0606031 0.0299099 0.0034194 -0.0658318 -0.0586710 -0.0467522 -0.0313196 -0.0434628 -0.0624783 -0.0039677 -0.0176545 0.0186258 0.0407731 -0.0649747 0.0153480 0.0573088 -0.0758101 -0.0449008 0.0211921 0.0317613 -0.0351025 0.0226860 -0.0462202 -0.0690677 0.0250900 -0.0364445 -0.0360592
-0.0311772 -0.0219245 0.0102937 -0.0315940 -0.0345425 -0.0366418 1.0393926 -0.0049410 -0.0232601 -0.0365791 -0.0423316 -0.0153250 -0.0369069 0.0209114 -0.0160425 -0.0139861 -0.0552790 -0.0320597 -0.0334693 -0.0366732 0.0330034 -0.0540290 -0.0303143 -0.0251966 -0.0494662 -0.0343975 0.0014010 -0.0423144 -0.0365503 -0.0382854 -0.0131095 -0.0321911 -0.0403336 0.0256010 -0.0149481 -0.0285330 -0.0033820 -0.0021051 -0.0424338 -0.0435327 -0.0357104 0.0338943 0.0436903
-0.0272001 -0.0295910 0.1051780 -0.0099205 0.0080562 -0.0278857 -0.0049410 1.0479698 -0.0210898 -0.0434405 -0.0321530 0.0209843 -0.0205346 -0.0314595 -0.0474262 -0.0258579 -0.0448386 -0.0162200 -0.0163982 -0.0376233 -0.0510600 -0.0410005 -0.0040798 -0.0228783 -0.0492832 0.0111037 -0.0404836 -0.0405137 -0.0231569 -0.0500744 -0.0139324 -0.0381819 -0.0165733 -0.0335259 0.0018404 -0.0013786 -0.0492651 -0.0328743 -0.0436250 -0.0338290 -0.0148141 -0.0225991 0.0049054
-0.0321098 -0.0399415 -0.0361784 -0.0343709 -0.0387993 -0.0453542 -0.0232601 -0.0210898 1.1278822 -0.0114001 -0.0280577 -0.0137403 -0.0371504 -0.0618672 -0.0168509 -0.0414505 -0.0226781 -0.0377003 -0.0625116 -0.0077607 0.0006517 -0.0189578 -0.0213048 0.1661325 -0.0199580 -0.0323748 -0.0606643 -0.0321499 -0.0386864 -0.0047588 -0.0531671 -0.0558931 0.0133455 -0.0091500 -0.0415705 -0.0392559 0.0125129 -0.0447015 -0.0113765 0.0164388 -0.0512565 -0.0254452 -0.0219403
-0.0282736 -0.0723533 -0.0425442 -0.0385558 -0.0365601 -0.0475029 -0.0365791 -0.0434405 -0.0114001 1.1476139 -0.0582858 -0.0154158 -0.0461675 -0.0379816 0.0168062 -0.0667064 0.0240836 -0.0675363 -0.0473832 0.0038435 0.0311206 -0.0162357 -0.0374074 0.0009034 0.0207919 -0.0669847 -0.0596781 -0.0310581 -0.0777133 0.0617543 -0.0663193 -0.0342875 0.0236708 -0.0345807 -0.0681600 -0.0481801 -0.0271852 -0.0623009 0.2260530 -0.0160230 -0.0553210 -0.0376357 -0.0063880
-0.0261039 0.0053885 -0.0362744 -0.0233545 -0.0113578 0.0452317 -0.0423316 -0.0321530 -0.0280577 -0.0582858 1.0112234 -0.0473211 0.0023160 -0.0441902 -0.0662044 0.0359037 -0.0438550 0.0473001 -0.0163252 -0.0661568 -0.0560772 -0.0618623 -0.0074758 -0.0454329 -0.0680069 -0.0211660 -0.0391593 -0.0037414 0.0690735 -0.0666214 -0.0059313 0.0483484 -0.0614407 -0.0192196 0.0011918 0.0440777 -0.0333873 0.0126753 -0.0591513 -0.0581939 0.0243008 -0.0107280 -0.0616388
0.0005398 -0.0773247 -0.0101167 -0.0475254 -0.0302212 -0.0528102 -0.0153250 0.0209843 -0.0137403 -0.0154158 -0.0473211 1.0972219 -0.0433356 0.0233311 -0.0308333 -0.0355705 -0.0317052 -0.0285496 -0.0495272 -0.0093028 -0.0270193 -0.0090104 0.0970986 0.0005752 -0.0142194 -0.0376832 0.0123150 -0.0263793 -0.0408077 -0.0156960 -0.0400223 -0.0623276 0.0194723 -0.0392237 -0.0370020 -0.0207607 -0.0625640 -0.0576353 -0.0076592 -0.0074963 -0.0348291 -0.0371161 -0.0013894
0.0129314 0.0121800 -0.0362281 0.0484783 -0.0368363 -0.0096528 -0.0369069 -0.0205346 -0.0371504 -0.0461675 0.0023160 -0.0433356 1.0465297 -0.0393993 -0.0641178 0.0127016 -0.0591878 0.0089353 0.0670115 -0.0644309 -0.0882372 -0.0599894 -0.0022346 -0.0612483 -0.0647424 0.0414510 -0.0210838 -0.0585158 -0.0053985 -0.0621873 0.0172516 -0.0175450 -0.0342448 -0.0123605 -0.0013717 -0.0032355 0.0374755 -0.0051257 -0.0350165 -0.0547916 -0.0013962 0.0073014 -0.0746625
-0.0417376 -0.0486846 -0.0425553 -0.0311526 -0.0354832 -0.0310680 0.0209114 -0.0314595 -0.0618672 -0.0379816 -0.0441902 0.0233311 -0.0393993 1.0724041 -0.0378468 -0.0063551 -0.0340495 -0.0264199 -0.0250693 -0.0431024 0.0131943 0.0653968 0.0110026 -0.0395692 -0.0330950 -0.0485800 0.0330465 -0.0519814 -0.0308591 -0.0192467 -0.0130781 -0.0293972 -0.0580737 -0.0135786 -0.0137581 -0.0200630 -0.0083859 0.0018987 -0.0413771 -0.0406538 -0.0000458 -0.0075161 0.0059531
-0.0336431 -0.0479890 -0.0403512 -0.0568031 -0.0465544 -0.0610494 -0.0160425 -0.0474262 -0.0168509 0.0168062 -0.0662044 -0.0308333 -0.0641178 -0.0378468 1.1967512 -0.0624428 0.0007242 -0.0660631 -0.0716455 0.2233928 0.0085114 -0.0272767 -0.0482305 -0.0138022 0.2072217 -0.0691514 -0.0346763 -0.0364300 -0.0685369 0.0007679 -0.0669400 -0.0614295 -0.0089024 -0.0142302 -0.0655375 -0.0715911 -0.0234410 -0.0576807 0.0107716 0.0034314 -0.0684287 -0.0241595 -0.0144388
0.0002016 -0.0008933 -0.0297077 -0.0420635 -0.0397334 0.0242767 -0.0139861 -0.0258579 -0.0414505 -0.0667064 0.0359037 -0.0355705 0.0127016 -0.0063551 -0.0624428 0.9946690 -0.0694447 0.0422548 0.0039757 -0.0653280 -0.0525217 -0.0429348 -0.0144039 -0.0525759 -0.0691706 0.0047963 -0.0343917 -0.0479854 0.0402845 -0.0608211 0.0073903 0.0175142 -0.0814995 -0.0065660 0.0147544 0.0367253 -0.0338765 0.0262821 -0.0658995 -0.0606623 0.0282593 0.0048457 -0.0427944
-0.0321846 -0.0265726 -0.0392144 -0.0311688 -0.0144990 -0.0606031 -0.0552790 -0.0448386 -0.0226781 0.0240836 -0.0438550 -0.0317052 -0.0591878 -0.0340495 0.0007242 -0.0694447 1.1837569 -0.0450338 -0.0712539 0.0051500 0.0716079 0.0794762 -0.0427129 -0.0229860 0.0360062 -0.0590809 -0.0540369 -0.0406840 -0.0333754 -0.0101271 -0.0596316 -0.0530828 0.1405139 -0.0225932 -0.0706421 -0.0644034 -0.0382219 -0.0599420 0.0120780 0.0226603 -0.0461324 -0.0403100 -0.0120436
-0.0116510 -0.0028972 -0.0234177 -0.0431181 -0.0345463 0.0299099 -0.0320597 -0.0162200 -0.0377003 -0.0675363 0.0473001 -0.0285496 0.0089353 -0.0264199 -0.0660631 0.0422548 -0.0450338 1.0136406 -0.0077126 -0.0618350 -0.0451601 -0.0591531 0.0037519 -0.0589121 -0.0680214 -0.0034706 -0.0495981 -0.0496140 0.0854257 -0.0594613 -0.0007030 0.0198477 -0.0525056 -0.0384431 0.0078941 0.0439922 -0.0183573 0.0107449 -0.0665771 -0.0505188 0.0221065 -0.0202519 -0.0433112
-0.0151150 0.0309431 -0.0439980 0.0649767 -0.0448274 0.0034194 -0.0334693 -0.0163982 -0.0625116 -0.0473832 -0.0163252 -0.0495272 0.0670115 -0.0250693 -0.0716455 0.0039757 -0.0712539 -0.0077126 1.0598882 -0.0702174 -0.0794141 -0.0408256 -0.0332305 -0.0626970 -0.0644675 0.0776810 -0.0008253 -0.0428388 -0.0318418 -0.0630012 0.0552861 -0.0029568 -0.0490039 -0.0502363 0.0364656 -0.0039181 -0.0106162 0.0182939 -0.0391813 -0.0651620 0.0119066 -0.0280117 -0.0441125
-0.0378892 -0.0691841 -0.0397657 -0.0265619 -0.0512245 -0.0658318 -0.0366732 -0.0376233 -0.0077607 0.0038435 -0.0661568 -0.0093028 -0.0644309 -0.0431024 0.2233928 -0.0653280 0.0051500 -0.0618350 -0.0702174 1.2031920 0.0042842 -0.0134444 -0.0290045 0.0052720 0.2509944 -0.0665940 -0.0480681 -0.0482580 -0.0596802 0.0008074 -0.0765291 -0.0683170 -0.0030519 -0.0355879 -0.0677927 -0.0635268 -0.0408630 -0.0676286 -0.0009780 0.0167022 -0.0660069 -0.0523660 -0.0243225
-0.0105904 -0.0616337 -0.0525925 -0.0046851 -0.0720832 -0.0586710 0.0330034 -0.0510600 0.0006517 0.0311206 -0.0560772 -0.0270193 -0.0882372 0.0131943 0.0085114 -0.0525217 0.0716079 -0.0451601 -0.0794141 0.0042842 1.1602559 -0.0102565 -0.0567295 0.0000675 -0.0059110 -0.0611206 -0.0443857 -0.0351089 -0.0191861 0.0231794 -0.0674679 -0.0417779 0.0332147 -0.0332972 -0.0600742 -0.0549625 -0.0172273 -0.0343227 -0.0010858 0.0142203 -0.0742474 -0.0438702 0.0941716
-0.0135552 -0.0632158 -0.0272580 -0.0335405 0.0097392 -0.0467522 -0.0540290 -0.0410005 -0.0189578 -0.0162357 -0.0618623 -0.0090104 -0.0599894 0.0653968 -0.0272767 -0.0429348 0.0794762 -0.0591531 -0.0408256 -0.0134444 -0.0102565 1.2190652 -0.0507780 0.0404018 0.0308735 -0.0407885 -0.0170972 -0.0488666 -0.0670147 0.0036901 -0.0484515 -0.0491515 -0.0243887 -0.0301207 -0.0381186 -0.0482369 -0.0074065 -0.0329156 -0.0144419 -0.0116586 0.0068571 -0.0573316 -0.0494779
-0.0202364 -0.0597819 -0.0461246 -0.0115267 -0.0250769 -0.0313196 -0.0303143 -0.0040798 -0.0213048 -0.0374074 -0.0074758 0.0970986 -0.0022346 0.0110026 -0.0482305 -0.0144039 -0.0427129 0.0037519 -0.0332305 -0.0290045 -0.0567295 -0.0507780 1.1001018 -0.0339739 -0.0327312 -0.0525766 0.0229487 -0.0224111 0.0105778 -0.0455966 -0.0332783 -0.0415467 0.0146354 -0.0363248 -0.0429180 0.0016224 -0.0098084 -0.0478755 -0.0298323 -0.0269118 -0.0209681 -0.0224466 -0.0436528
-0.0405405 -0.0497550 -0.0456664 -0.0349637 -0.0360559 -0.0434628 -0.0251966 -0.0228783 0.1661325 0.0009034 -0.0454329 0.0005752 -0.0612483 -0.0395692 -0.0138022 -0.0525759 -0.0229860 -0.0589121 -0.0626970 0.0052720 0.0000675 0.0404018 -0.0339739 1.1699837 -0.0061844 -0.0340117 -0.0475620 -0.0138683 -0.0696579 -0.0198883 -0.0497095 -0.0490491 -0.0034782 -0.0114957 -0.0338476 -0.0438243 -0.0298431 -0.0386878 -0.0080136 -0.0044699 -0.0442173 -0.0427018 -0.0083747
-0.0351814 -0.0587866 -0.0527332 -0.0475869 -0.0416559 -0.0624783 -0.0494662 -0.0492832 -0.0199580 0.0207919 -0.0680069 -0.0142194 -0.0647424 -0.0330950 0.2072217 -0.0691706 0.0360062 -0.0680214 -0.0644675 0.2509944 -0.0059110 0.0308735 -0.0327312 -0.0061844 1.2022719 -0.0666510 -0.0372430 -0.0400704 -0.0700445 -0.0139434 -0.0694722 -0.0654795 0.0069395 -0.0361736 -0.0676071 -0.0694043 -0.0341854 -0.0684431 0.0127553 -0.0044242 -0.0568694 -0.0501862 -0.0394969
0.0882943 0.0269150 -0.0050733 -0.0037040 -0.0489295 -0.0039677 -0.0343975 0.0111037 -0.0323748 -0.0669847 -0.0211660 -0.0376832 0.0414510 -0.0485800 -0.0691514 0.0047963 -0.0590809 -0.0034706 0.0776810 -0.0665940 -0.0611206 -0.0407885 -0.0525766 -0.0340117 -0.0666510 1.0824925 -0.0352272 -0.0341617 -0.0361368 -0.0615270 0.0398516 -0.0172533 -0.0390588 -0.0571059 0.0383746 -0.0105549 -0.0332843 0.0039441 -0.0683854 -0.0439635 -0.0070229 -0.0507839 -0.0085783
-0.0521556 0.0134972 -0.0616554 -0.0232189 0.0137182 -0.0176545 0.0014010 -0.0404836 -0.0606643 -0.0596781 -0.0391593 0.0123150 -0.0210838 0.0330465 -0.0346763 -0.0343917 -0.0540369 -0.0495981 -0.0008253 -0.0480681 -0.0443857 -0.0170972 0.0229487 -0.0475620 -0.0372430 -0.0352272 1.0831847 0.0567118 -0.0554793 -0.0343528 0.0194444 -0.0147247 -0.0216973 -0.0144912 -0.0084732 -0.0482853 0.0138512 -0.0066318 -0.0539384 -0.0295416 -0.0243098 -0.0108935 -0.0066211
0.0206259 0.0064388 -0.0352787 -0.0032033 0.0711931 0.0186258 -0.0423144 -0.0405137 -0.0321499 -0.0310581 -0.0037414 -0.0263793 -0.0585158 -0.0519814 -0.0364300 -0.0479854 -0.0406840 -0.0496140 -0.0428388 -0.0482580 -0.0351089 -0.0488666 -0.0224111 -0.0138683 -0.0400704 -0.0341617 0.0567118 1.1628082 -0.0253080 -0.0391314 -0.0243611 0.0416599 -0.0399223 -0.0241185 -0.0252822 -0.0353558 -0.0337005 -0.0279396 -0.0315466 -0.0281679 -0.0344485 -0.0488568 -0.0023913
-0.0348524 -0.0155672 -0.0158325 -0.0096032 -0.0218064 0.0407731 -0.0365503 -0.0231569 -0.0386864 -0.0777133 0.0690735 -0.0408077 -0.0053985 -0.0308591 -0.0685369 0.0402845 -0.0333754 0.0854257 -0.0318418 -0.0596802 -0.0191861 -0.0670147 0.0105778 -0.0696579 -0.0700445 -0.0361368 -0.0554793 -0.0253080 1.0923929 -0.0556907 -0.0212567 0.0350232 -0.0627040 -0.0568153 -0.0067758 0.0623455 0.0118576 0.0065209 -0.0814216 -0.0468300 0.0192888 -0.0376374 -0.0403352
-0.0436046 -0.0643808 -0.0324872 -0.0406747 -0.0433921 -0.0649747 -0.0382854 -0.0500744 -0.0047588 0.0617543 -0.0666214 -0.0156960 -0.0621873 -0.0192467 0.0007679 -0.0608211 -0.0101271 -0.0594613 -0.0630012 0.0008074 0.0231794 0.0036901 -0.0455966 -0.0198883 -0.0139434 -0.0615270 -0.0343528 -0.0391314 -0.0556907 1.2274619 -0.0600702 -0.0646997 -0.0141059 -0.0369236 -0.0532438 -0.0618105 -0.0300450 -0.0550922 0.0893550 0.2427369 -0.0593757 -0.0500847 -0.0270789
-0.0627025 0.0565769 -0.0308849 -0.0457246 -0.0288379 0.0153480 -0.0131095 -0.0139324 -0.0531671 -0.0663193 -0.0059313 -0.0400223 0.0172516 -0.0130781 -0.0669400 0.0073903 -0.0596316 -0.0007030 0.0552861 -0.0765291 -0.0674679 -0.0484515 -0.0332783 -0.0497095 -0.0694722 0.0398516 0.0194444 -0.0243611 -0.0212567 -0.0600702 1.0165242 0.0079693 -0.0280949 -0.0450841 0.0481635 -0.0011755 -0.0295498 0.0321751 -0.0594413 -0.0565488 0.0157458 -0.0190223 -0.0206082
-0.0439598 0.0130473 -0.0401475 -0.0061499 -0.0009576 0.0573088 -0.0321911 -0.0381819 -0.0558931 -0.0342875 0.0483484 -0.0623276 -0.0175450 -0.0293972 -0.0614295 0.0175142 -0.0530828 0.0198477 -0.0029568 -0.0683170 -0.0417779 -0.0491515 -0.0415467 -0.0490491 -0.0654795 -0.0172533 -0.0147247 0.0416599 0.0350232 -0.0646997 0.0079693 1.0198836 -0.0782548 -0.0288936 0.0157370 0.0283671 -0.0623499 0.0276993 -0.0383073 -0.0738972 0.0276353 -0.0246689 -0.0295574
-0.0523903 -0.0030389 -0.0424737 -0.0584746 -0.0343528 -0.0758101 -0.0403336 -0.0165733 0.0133455 0.0236708 -0.0614407 0.0194723 -0.0342448 -0.0580737 -0.0089024 -0.0814995 0.1405139 -0.0525056 -0.0490039 -0.0030519 0.0332147 -0.0243887 0.0146354 -0.0034782 0.0069395 -0.0390588 -0.0216973 -0.0399223 -0.0627040 -0.0141059 -0.0280949 -0.0782548 1.1685672 -0.0246729 -0.0593402 -0.0771788 -0.0346989 -0.0723358 0.0309081 0.0458055 -0.0698741 -0.0281604 -0.0003814
0.0177362 -0.0165376 -0.0218642 -0.0172361 -0.0025267 -0.0449008 0.0256010 -0.0335259 -0.0091500 -0.0345807 -0.0192196 -0.0392237 -0.0123605 -0.0135786 -0.0142302 -0.0065660 -0.0225932 -0.0384431 -0.0502363 -0.0355879 -0.0332972 -0.0301207 -0.0363248 -0.0114957 -0.0361736 -0.0571059 -0.0144912 -0.0241185 -0.0568153 -0.0369236 -0.0450841 -0.0288936 -0.0246729 1.1171645 -0.0437712 -0.0387043 -0.0553456 -0.0120721 -0.0321776 -0.0235845 -0.0167791 0.1169212 -0.0518182
-0.0499562 0.0303036 -0.0081880 -0.0329665 -0.0266287 0.0211921 -0.0149481 0.0018404 -0.0415705 -0.0681600 0.0011918 -0.0370020 -0.0013717 -0.0137581 -0.0655375 0.0147544 -0.0706421 0.0078941 0.0364656 -0.0677927 -0.0600742 -0.0381186 -0.0429180 -0.0338476 -0.0676071 0.0383746 -0.0084732 -0.0252822 -0.0067758 -0.0532438 0.0481635 0.0157370 -0.0593402 -0.0437712 0.9942030 0.0148046 -0.0585950 0.0304526 -0.0672596 -0.0505607 0.0223659 -0.0290637 -0.0140189
-0.0346612 -0.0168664 -0.0014345 -0.0234908 -0.0220642 0.0317613 -0.0285330 -0.0013786 -0.0392559 -0.0481801 0.0440777 -0.0207607 -0.0032355 -0.0200630 -0.0715911 0.0367253 -0.0644034 0.0439922 -0.0039181 -0.0635268 -0.0549625 -0.0482369 0.0016224 -0.0438243 -0.0694043 -0.0105549 -0.0482853 -0.0353558 0.0623455 -0.0618105 -0.0011755 0.0283671 -0.0771788 -0.0387043 0.0148046 1.0062426 -0.0521471 0.0137049 -0.0501130 -0.0652212 0.0314913 -0.0238860 -0.0382039
-0.0062183 -0.0086031 -0.0037057 -0.0188539 0.0138406 -0.0351025 -0.0033820 -0.0492651 0.0125129 -0.0271852 -0.0333873 -0.0625640 0.0374755 -0.0083859 -0.0234410 -0.0338765 -0.0382219 -0.0183573 -0.0106162 -0.0408630 -0.0172273 -0.0074065 -0.0098084 -0.0298431 -0.0341854 -0.0332843 0.0138512 -0.0337005 0.0118576 -0.0300450 -0.0295498 -0.0623499 -0.0346989 -0.0553456 -0.0585950 -0.0521471 1.2435840 -0.0432994 -0.0219279 -0.0417143 -0.0647008 -0.0310734 -0.0354782
-0.0554680 0.0244022 -0.0402786 -0.0284754 -0.0312473 0.0226860 -0.0021051 -0.0328743 -0.0447015 -0.0623009 0.0126753 -0.0576353 -0.0051257 0.0018987 -0.0576807 0.0262821 -0.0599420 0.0107449 0.0182939 -0.0676286 -0.0343227 -0.0329156 -0.0478755 -0.0386878 -0.0684431 0.0039441 -0.0066318 -0.0279396 0.0065209 -0.0550922 0.0321751 0.0276993 -0.0723358 -0.0120721 0.0304526 0.0137049 -0.0432994 0.9937476 -0.0644614 -0.0619902 0.0256106 0.0015142 -0.0208682
-0.0341438 -0.0651474 -0.0463562 -0.0513921 -0.0295913 -0.0462202 -0.0424338 -0.0436250 -0.0113765 0.2260530 -0.0591513 -0.0076592 -0.0350165 -0.0413771 0.0107716 -0.0658995 0.0120780 -0.0665771 -0.0391813 -0.0009780 -0.0010858 -0.0144419 -0.0298323 -0.0080136 0.0127553 -0.0683854 -0.0539384 -0.0315466 -0.0814216 0.0893550 -0.0594413 -0.0383073 0.0309081 -0.0321776 -0.0672596 -0.0501130 -0.0219279 -0.0644614 1.1532300 -0.0035462 -0.0520089 -0.0331803 -0.0276581
-0.0211330 -0.0437907 -0.0302730 -0.0378855 -0.0355561 -0.0690677 -0.0435327 -0.0338290 0.0164388 -0.0160230 -0.0581939 -0.0074963 -0.0547916 -0.0406538 0.0034314 -0.0606623 0.0226603 -0.0505188 -0.0651620 0.0167022 0.0142203 -0.0116586 -0.0269118 -0.0044699 -0.0044242 -0.0439635 -0.0295416 -0.0281679 -0.0468300 0.2427369 -0.0565488 -0.0738972 0.0458055 -0.0235845 -0.0505607 -0.0652212 -0.0417143 -0.0619902 -0.0035462 1.1509671 -0.0654468 -0.0445110 -0.0292575
-0.0491706 0.0043331 -0.0170830 -0.0243700 -0.0118478 0.0250900 -0.0357104 -0.0148141 -0.0512565 -0.0553210 0.0243008 -0.0348291 -0.0013962 -0.0000458 -0.0684287 0.0282593 -0.0461324 0.0221065 0.0119066 -0.0660069 -0.0742474 0.0068571 -0.0209681 -0.0442173 -0.0568694 -0.0070229 -0.0243098 -0.0344485 0.0192888 -0.0593757 0.0157458 0.0276353 -0.0698741 -0.0167791 0.0223659 0.0314913 -0.0647008 0.0256106 -0.0520089 -0.0654468 1.0005236 -0.0090980 -0.0568878
-0.0237462 -0.0041415 -0.0084456 -0.0138438 -0.0125768 -0.0364445 0.0338943 -0.0225991 -0.0254452 -0.0376357 -0.0107280 -0.0371161 0.0073014 -0.0075161 -0.0241595 0.0048457 -0.0403100 -0.0202519 -0.0280117 -0.0523660 -0.0438702 -0.0573316 -0.0224466 -0.0427018 -0.0501862 -0.0507839 -0.0108935 -0.0488568 -0.0376374 -0.0500847 -0.0190223 -0.0246689 -0.0281604 0.1169212 -0.0290637 -0.0238860 -0.0310734 0.0015142 -0.0331803 -0.0445110 -0.0090980 1.0683451 -0.0481108
-0.0052695 -0.0309943 0.0069250 -0.0330400 -0.0435296 -0.0360592 0.0436903 0.0049054 -0.0219403 -0.0063880 -0.0616388 -0.0013894 -0.0746625 0.0059531 -0.0144388 -0.0427944 -0.0120436 -0.0433112 -0.0441125 -0.0243225 0.0941716 -0.0494779 -0.0436528 -0.0083747 -0.0394969 -0.0085783 -0.0066211 -0.0023913 -0.0403352 -0.0270789 -0.0206082 -0.0295574 -0.0003814 -0.0518182 -0.0140189 -0.0382039 -0.0354782 -0.0208682 -0.0276581 -0.0292575 -0.0568878 -0.0481108 1.0885569
