1.2817365 0.1063880 0.0850307 -0.0716693 0.0368145 0.2027949 -0.0266329 -0.0843290 -0.0334030 -0.0407140 -0.0453518 0.2396746 -0.0671939 -0.0376645 0.0384892 -0.0093648 -0.0251901 -0.0290900 -0.0055127 0.0539901 -0.0458148 0.0076952 0.0022138 -0.0310721 -0.0441809 -0.0463438 0.0152782 -0.0099324 0.0082091 -0.0372650 -0.0534617 0.3155732 -0.0447824 -0.0222401 -0.0382098 -0.0458557 -0.0057904 -0.0374112 -0.0663310 -0.0378207 -0.0065399 -0.0277991 -0.0342059 -0.0324434 -0.0479847 -0.0609900 -0.0572558 -0.0672113 -0.0490339 0.0217305 -0.0445478 -0.0250956 0.0741585 -0.0478363 -0.0549796 -0.0445085 -0.0021294 0.0308258 -0.0177397 -0.0183105 -0.0539980 -0.0568782 -0.0398369 -0.0629725 -0.0418967 0.0156196 -0.0667335
0.1063880 1.1322292 0.0188218 -0.0090645 0.1062609 0.0135057 0.0543375 -0.0970807 0.0731257 0.0275590 0.0187218 0.1241880 0.0388730 -0.0503608 0.0618967 -0.0640047 -0.0345212 0.0190990 0.0688900 -0.0788761 -0.0479590 0.0529963 -0.0747051 0.0252856 -0.0776895 -0.0543765 -0.0831658 -0.1049542 0.0807251 -0.0679634 0.0552819 0.0036370 -0.0470581 0.0399073 -0.0628395 -0.0796802 0.0871119 -0.0424029 -0.1090681 -0.0898040 0.0365547 -0.0389101 0.0538061 -0.0666133 -0.0506908 -0.0484106 0.0518617 0.0328320 -0.0205268 -0.0832445 -0.0439281 -0.0709619 0.0712520 -0.0811414 0.0479331 -0.0547870 0.0767253 0.0220541 0.0015396 -0.0642511 -0.0652753 -0.0416193 -0.0697154 -0.0023436 -0.0496637 0.0356783 -0.0374762
0.0850307 0.0188218 1.2571075 0.0089784 0.0463657 0.0384418 -0.0143523 -0.0475162 0.0326272 0.0163663 -0.0429459 0.0928971 -0.0319193 -0.0279902 0.0148879 -0.0416735 -0.0190253 -0.0524873 -0.0124295 -0.0312251 -0.0066293 -0.0127096 -0.0579983 -0.0018696 -0.0589723 0.2737508 -0.0388395 -0.0533242 -0.0321373 -0.0627839 -0.0443127 0.0268658 -0.0291705 -0.0238240 -0.0365319 -0.0605966 -0.0472953 -0.0251322 -0.0583660 -0.0613941 -0.0358688 -0.0212053 -0.0409288 -0.0640045 -0.0344427 -0.0638811 -0.0470071 -0.0367775 -0.0426699 -0.0446747 -0.0087839 -0.0612022 0.0425247 -0.0517594 -0.0483069 -0.0274807 -0.0308175 0.0087024 -0.0041561 -0.0419663 0.2874445 -0.0596473 -0.0666213 -0.0366096 0.2946218 -0.0141600 -0.0622112
-0.0716693 -0.0090645 0.0089784 1.0407667 -0.0469211 -0.0464875 -0.0641538 0.0076287 0.0627889 -0.0674663 0.0466151 -0.0673357 -0.0061399 -0.0526214 0.0329919 -0.0675775 -0.0140418 -0.0647955 0.0241457 -0.0206086 -0.0586121 0.0405420 0.0269945 0.0571227 -0.0680663 0.0532531 -0.0153702 -0.0435402 0.0389830 -0.0792299 0.0500781 -0.0656384 -0.0609289 -0.0488329 -0.0500397 -0.0669174 0.0473621 -0.0614441 -0.0009268 0.0137693 0.0560519 -0.0150119 0.0617658 -0.0792132 -0.0542766 -0.0789647 0.0607379 0.0769483 0.0420194 -0.0166468 -0.0624714 0.0347977 -0.0609738 -0.0685563 0.0560593 -0.0556624 0.0382521 -0.0518647 0.0560815 -0.0664191 0.0519706 -0.0707953 -0.0766259 0.0586265 0.0477835 0.0416581 0.0295342
0.0368145 0.1062609 0.0463657 -0.0469211 1.2334127 -0.0334048 -0.0233550 -0.0164756 0.0042805 0.3225670 -0.0281297 0.1496104 0.1951211 -0.0265804 -0.0120046 -0.0588730 -0.0254369 -0.0043885 -0.0247836 -0.0656551 -0.0545290 -0.0296937 -0.0691398 -0.0545026 -0.0580284 -0.0179439 -0.0346338 -0.0681924 -0.0175132 -0.0400858 0.0151291 -0.0574001 -0.0565618 -0.0464163 -0.0379968 -0.0594785 0.0237476 -0.0575172 -0.0126070 -0.0259755 -0.0465447 -0.0273158 -0.0124110 -0.0433994 -0.0194637 0.0296357 -0.0126406 -0.0255168 -0.0533651 -0.0268239 -0.0551384 -0.0600865 0.2207239 -0.0549826 0.0044400 -0.0209248 0.0025471 -0.0484444 -0.0560212 -0.0605330 -0.0198660 0.0365851 -0.0438272 -0.0549726 -0.0029301 -0.0346727 0.0641647
0.2027949 0.0135057 0.0384418 -0.0464875 -0.0334048 1.2023890 -0.0100522 0.0607845 -0.0625924 -0.0172977 -0.0162491 0.0862162 -0.0603801 -0.0331921 0.0221106 -0.0535440 -0.0343306 -0.0324318 0.0078642 0.1965523 -0.0607451 0.0233996 -0.0691387 0.0067438 -0.0663935 -0.0231394 -0.0749417 0.1113818 0.0054045 -0.0235264 -0.0425835 0.1838263 -0.0232420 -0.0036167 -0.0599602 -0.0690623 -0.0252767 -0.0180204 0.1278593 -0.0310138 0.0003647 -0.0364151 -0.0402063 -0.0171820 -0.0558658 -0.0439862 -0.0542387 -0.0455914 0.0114086 -0.0731071 -0.0577090 -0.0970564 -0.0199353 -0.0619428 -0.0343300 -0.0434090 -0.0178936 0.0665071 0.0337324 -0.0601106 -0.0264704 -0.0469149 -0.0271717 0.0151446 -0.0256391 0.0331736 -0.0821274
-0.0266329 0.0543375 -0.0143523 -0.0641538 -0.0233550 -0.0100522 1.4028478 -0.0083939 -0.0201752 -0.0068751 -0.0431444 -0.0342104 -0.0108463 -0.0296640 -0.0351681 -0.0223865 -0.0341290 0.3451555 0.0682732 -0.0293540 -0.0360345 -0.0222060 -0.0437858 -0.0086173 -0.0395079 -0.0214035 -0.0218087 -0.0363204 -0.0293597 -0.0421753 -0.0227720 -0.0724845 -0.0315864 0.4411033 -0.0382302 -0.0432940 -0.0342625 -0.0326259 -0.0235760 -0.0402514 -0.0511924 -0.0363950 -0.0560564 -0.0421884 -0.0360890 -0.0425670 -0.0225407 -0.0516140 -0.0629542 -0.0234699 -0.0294780 -0.0123676 -0.0282822 -0.0531970 -0.0527778 -0.0316989 -0.0291779 0.3253853 -0.0656804 -0.0150716 -0.0205757 -0.0375492 -0.0481683 -0.0375179 -0.0184929 -0.0622303 -0.0312878
-0.0843290 -0.0970807 -0.0475162 0.0076287 -0.0164756 0.0607845 -0.0083939 1.1434925 -0.0575322 0.0991040 0.0164461 -0.0873149 0.0418426 -0.0271184 -0.0325373 0.0027600 -0.0333027 -0.0147109 -0.0268700 0.1542023 -0.0585396 -0.0139982 -0.0582479 0.0001661 -0.0598394 -0.0035474 0.0063184 0.1112983 -0.0368165 -0.0452755 -0.0098685 -0.0777340 -0.0500433 -0.0106099 -0.0311706 -0.0616647 -0.0491819 -0.0537202 0.2359214 0.1108126 -0.0185245 -0.0331951 -0.0273435 -0.0419805 -0.0399965 -0.0498983 -0.0287829 -0.0107063 0.0558109 0.0102637 -0.0592656 -0.0606149 -0.0079018 -0.0506368 -0.0092797 -0.0311246 -0.0392831 0.0129836 0.0304628 0.0026441 0.0020715 -0.0537251 -0.0414667 0.0499308 -0.0075914 0.0060298 0.0226795
-0.0334030 0.0731257 0.0326272 0.0627889 0.0042805 -0.0625924 -0.0201752 -0.0575322 1.0679743 -0.0587960 0.0489604 -0.0048250 -0.0070020 -0.0445313 0.0611850 -0.0590886 -0.0326315 -0.0402461 0.0559229 -0.0889354 -0.0637316 0.0585488 -0.0625652 0.0574568 -0.0400001 0.0349240 -0.0261789 -0.1004308 0.0728478 -0.0938622 0.0673815 -0.0953408 -0.0446744 -0.0164989 -0.0402504 -0.0381003 0.0688546 -0.0441350 -0.0888757 -0.0217839 0.0682402 -0.0352835 0.0781492 -0.0967301 -0.0425409 -0.0696443 0.0759429 0.0732519 0.0224484 -0.0275280 -0.0651028 -0.0542399 -0.0118188 -0.0530703 0.0668468 -0.0465657 0.0730340 -0.0368175 0.0436567 -0.0564756 0.0299800 -0.0636868 -0.0908989 0.0427454 0.0365897 0.0514855 -0.0357840
-0.0407140 0.0275590 0.0163663 -0.0674663 0.3225670 -0.0172977 -0.0068751 0.0991040 -0.0587960 1.4682128 -0.0484051 0.0845778 0.2748699 -0.0557730 -0.0737665 -0.0435193 -0.0429654 0.0037204 -0.0643780 0.0220717 -0.0181756 -0.0754867 -0.0134849 -0.0925656 0.0096269 -0.0281437 -0.0671985 0.0019162 -0.0630145 -0.0611861 -0.0141672 -0.0931066 0.1128647 -0.0429959 -0.0524681 0.0086073 -0.0207862 0.1026879 0.1560609 -0.0075817 -0.1122797 -0.0437168 -0.0636368 -0.0629523 -0.0516013 -0.0217268 -0.0671603 -0.0611493 -0.0530211 -0.0594142 -0.0186607 -0.0262530 0.2384676 0.0104371 -0.0331281 -0.0493664 -0.0600953 -0.0322000 -0.0810175 -0.0466183 -0.0218913 -0.0172521 -0.0628704 -0.0567058 -0.0149713 -0.0684788 0.1448830
-0.0453518 0.0187218 -0.0429459 0.0466151 -0.0281297 -0.0162491 -0.0431444 0.0164461 0.0489604 -0.0484051 1.0083756 -0.0394252 -0.0061262 -0.0472962 0.0404566 -0.0219855 0.0737593 -0.0502907 0.0394158 -0.0082982 -0.0617102 0.0536196 -0.0749490 0.0504087 -0.0710882 -0.0289715 -0.0296221 -0.0352956 0.0578425 -0.0812446 0.0555640 -0.0868747 -0.0460573 -0.0323261 -0.0450913 -0.0710980 0.0447517 -0.0448396 0.0089442 0.0177260 0.0580400 0.0745389 0.0584422 -0.0811537 -0.0520252 -0.0701314 0.0542630 0.0566339 0.0736419 -0.0293608 -0.0615280 -0.0738310 -0.0291605 -0.0704995 0.0566967 -0.0522239 0.0577757 -0.0349238 0.0500572 -0.0203257 -0.0344942 -0.0710486 -0.0786045 0.0582489 -0.0335714 0.0561306 -0.0337460
0.2396746 0.1241880 0.0928971 -0.0673357 0.1496104 0.0862162 -0.0342104 -0.0873149 -0.0048250 0.0845778 -0.0394252 1.1840130 0.0268826 -0.0149191 0.0235815 -0.0212704 -0.0167877 -0.0290684 -0.0131184 -0.0322508 -0.0494351 -0.0088417 -0.0506385 -0.0447993 -0.0478517 -0.0240077 -0.0022260 -0.0611332 0.0041301 -0.0301393 -0.0250304 0.1426958 -0.0458019 -0.0408891 -0.0173781 -0.0498523 0.0057818 -0.0403272 -0.0847923 -0.0439915 -0.0247327 -0.0182424 -0.0223294 -0.0292324 -0.0123405 -0.0441354 -0.0373009 -0.0513700 -0.0560668 0.0042019 -0.0495175 -0.0590075 0.1473612 -0.0480263 -0.0313708 -0.0134770 0.0070519 -0.0121125 -0.0395885 -0.0250185 -0.0296466 -0.0410155 -0.0324158 -0.0724512 -0.0114199 -0.0045132 -0.0348187
-0.0671939 0.0388730 -0.0319193 -0.0061399 0.1951211 -0.0603801 -0.0108463 0.0418426 -0.0070020 0.2748699 -0.0061262 0.0268826 1.1504190 -0.0306966 -0.0303623 -0.0563341 -0.0155341 0.0004485 -0.0207941 -0.0295934 -0.0592384 -0.0285436 0.0078309 -0.0305003 -0.0630881 -0.0381882 -0.0592053 -0.0367058 -0.0174922 -0.0185551 0.0320512 -0.0984291 -0.0511832 -0.0279022 -0.0416524 -0.0649833 0.0325098 -0.0542256 0.0578765 -0.0143873 -0.0419504 -0.0163887 0.0020815 -0.0206295 -0.0243560 -0.0321368 0.0067122 0.0089195 -0.0182316 -0.0561107 -0.0595179 0.0232580 0.1235748 -0.0569190 0.0234753 -0.0269818 -0.0030372 -0.0414683 -0.0365540 -0.0563823 -0.0368721 -0.0203354 -0.0188103 -0.0161995 -0.0320031 -0.0311150 0.1273355
-0.0376645 -0.0503608 -0.0279902 -0.0526214 -0.0265804 -0.0331921 -0.0296640 -0.0271184 -0.0445313 -0.0557730 -0.0472962 -0.0149191 -0.0306966 1.2524205 -0.0423503 -0.0102973 -0.0429550 -0.0088371 -0.0483328 -0.0186167 -0.0171122 -0.0402450 -0.0168953 -0.0398923 -0.0195148 -0.0370741 -0.0324265 0.0849778 -0.0599374 -0.0266138 -0.0375685 -0.0038452 -0.0344798 -0.0269057 0.2507975 -0.0230404 -0.0422724 -0.0361521 -0.0263938 -0.0501078 -0.0538867 -0.0436712 -0.0436854 -0.0286611 0.4008388 0.0039691 -0.0415228 -0.0431087 -0.0493810 -0.0350717 -0.0136535 -0.0084003 -0.0134694 -0.0166326 -0.0364963 0.4043301 -0.0420042 -0.0221927 -0.0445761 -0.0100757 -0.0311002 0.0090262 -0.0188382 -0.0427271 -0.0292328 -0.0406002 -0.0302316
0.0384892 0.0618967 0.0148879 0.0329919 -0.0120046 0.0221106 -0.0351681 -0.0325373 0.0611850 -0.0737665 0.0404566 0.0235815 -0.0303623 -0.0423503 1.0069993 -0.0589898 -0.0089120 -0.0449017 0.0451379 -0.0186900 -0.0646527 0.0580153 -0.0773610 0.0480140 -0.0707383 -0.0014707 -0.0261648 -0.0474452 0.0624278 -0.0770699 0.0417471 -0.0190005 -0.0540332 -0.0258281 -0.0450154 -0.0716462 0.0485341 -0.0496706 -0.0418315 -0.0125610 0.0648663 -0.0110132 0.0544074 -0.0779818 -0.0483911 -0.0489269 0.0469476 0.0445602 0.0294001 -0.0263066 -0.0651418 -0.0795889 -0.0156426 -0.0743262 0.0460316 -0.0472970 0.0594779 -0.0210730 0.0479608 -0.0586252 -0.0086032 -0.0458038 -0.0771584 0.0398212 -0.0031246 0.0545408 -0.0610903
-0.0093648 -0.0640047 -0.0416735 -0.0675775 -0.0588730 -0.0535440 -0.0223865 0.0027600 -0.0590886 -0.0435193 -0.0219855 -0.0212704 -0.0563341 -0.0102973 -0.0589898 1.4467462 -0.0558398 -0.0206050 -0.0464860 -0.0526659 0.0035295 -0.0786490 0.0373713 -0.0740825 0.0059295 -0.0504093 -0.0285167 -0.0095596 -0.0317492 -0.0048138 -0.0316046 0.0194384 -0.0116221 -0.0349150 0.0304681 0.0041380 -0.0823367 -0.0133384 -0.0479634 0.0155981 -0.0992441 -0.0546591 -0.0640965 0.0038313 -0.0152358 0.0738614 -0.0724593 -0.0775942 0.0347386 -0.0334078 0.0032657 0.0370565 0.0423044 0.0213269 -0.0780312 -0.0227930 -0.0405297 -0.0272037 -0.0706738 0.6623983 -0.0360243 -0.0003934 0.0149866 -0.0573683 -0.0348177 -0.0106487 -0.0231844
-0.0251901 -0.0345212 -0.0190253 -0.0140418 -0.0254369 -0.0343306 -0.0341290 -0.0333027 -0.0326315 -0.0429654 0.0737593 -0.0167877 -0.0155341 -0.0429550 -0.0089120 -0.0558398 1.4270068 -0.0381963 -0.0146259 -0.0395028 -0.0669258 0.0088060 -0.0519556 -0.0040321 -0.0722947 -0.0213806 -0.0397225 -0.0539928 -0.0275689 -0.0694830 -0.0069400 -0.0506255 -0.0456487 -0.0191263 -0.0550637 -0.0739474 -0.0237491 -0.0424861 -0.0265266 -0.0362830 -0.0111230 0.9226051 -0.0226975 -0.0720439 -0.0498795 -0.0534314 -0.0196998 -0.0183048 0.1227334 -0.0419077 -0.0652363 -0.0553267 -0.0342677 -0.0740004 -0.0125059 -0.0444400 0.0164307 -0.0312467 -0.0198601 -0.0568837 -0.0224740 -0.0506904 -0.0705102 -0.0209888 -0.0237966 -0.0096781 -0.0415090
-0.0290900 0.0190990 -0.0524873 -0.0647955 -0.0043885 -0.0324318 0.3451555 -0.0147109 -0.0402461 0.0037204 -0.0502907 -0.0290684 0.0004485 -0.0088371 -0.0449017 -0.0206050 -0.0381963 1.2043604 0.0198754 -0.0305384 -0.0229769 -0.0390518 -0.0014329 -0.0303383 -0.0261505 -0.0506177 0.0277198 -0.0141122 -0.0463173 -0.0177075 -0.0318187 -0.0343494 -0.0259379 0.2787474 -0.0083573 -0.0283623 -0.0372968 -0.0267861 -0.0278472 -0.0073357 -0.0454268 -0.0395945 -0.0535457 -0.0201704 -0.0098284 0.0496955 -0.0262915 -0.0523891 -0.0690911 0.0304041 -0.0193335 0.0249332 -0.0137551 -0.0317360 -0.0487129 -0.0069120 -0.0399595 0.1968421 -0.0677556 -0.0153188 -0.0522870 0.0526927 -0.0221708 -0.0490794 -0.0498911 -0.0689519 -0.0001841
-0.0055127 0.0688900 -0.0124295 0.0241457 -0.0247836 0.0078642 0.0682732 -0.0268700 0.0559229 -0.0643780 0.0394158 -0.0131184 -0.0207941 -0.0483328 0.0451379 -0.0464860 -0.0146259 0.0198754 1.0202761 -0.0225987 -0.0481509 0.0565058 -0.0776887 0.0532441 -0.0786678 -0.0185063 -0.0756517 -0.0487911 0.0669877 -0.0650841 0.0487825 -0.0604854 -0.0255704 0.0613098 -0.0566559 -0.0813474 0.0525830 -0.0209454 -0.0326436 -0.0501515 0.0481998 -0.0180012 0.0474824 -0.0641369 -0.0550105 -0.0535052 0.0505263 0.0458468 0.0249405 -0.0786345 -0.0458577 -0.0712921 -0.0385491 -0.0798686 0.0453034 -0.0550320 0.0573767 0.0440297 0.0340116 -0.0435601 -0.0238878 -0.0519786 -0.0661981 0.0425738 -0.0197442 0.0428203 -0.0564777
0.0539901 -0.0788761 -0.0312251 -0.0206086 -0.0656551 0.1965523 -0.0293540 0.1542023 -0.0889354 0.0220717 -0.0082982 -0.0322508 -0.0295934 -0.0186167 -0.0186900 -0.0526659 -0.0395028 -0.0305384 -0.0225987 1.1879586 -0.0478207 0.0015955 -0.0215339 0.0035724 -0.0426015 -0.0277569 -0.0509527 0.1688609 -0.0329789 -0.0418309 -0.0430429 0.0952318 -0.0266344 -0.0184814 -0.0475654 -0.0433390 -0.0485021 -0.0286060 0.2333937 0.0282569 -0.0123283 -0.0391391 -0.0478386 -0.0355605 -0.0390045 -0.0160568 -0.0558570 -0.0340471 0.0327026 -0.0486100 -0.0486456 -0.0460185 -0.0577420 -0.0357692 -0.0312594 -0.0245344 -0.0486118 0.0398012 0.0389811 -0.0575218 -0.0262699 -0.0194361 -0.0389536 0.0424057 -0.0354316 0.0156861 -0.0178339
-0.0458148 -0.0479590 -0.0066293 -0.0586121 -0.0545290 -0.0607451 -0.0360345 -0.0585396 -0.0637316 -0.0181756 -0.0617102 -0.0494351 -0.0592384 -0.0171122 -0.0646527 0.0035295 -0.0669258 -0.0229769 -0.0481509 -0.0478207 1.4965395 -0.0499789 0.0100756 -0.0581101 0.0544259 -0.0536406 -0.0134120 -0.0090858 -0.0711949 0.0973955 -0.0730705 -0.0063977 -0.0192679 -0.0406476 -0.0342509 0.0571139 -0.0602629 -0.0159558 -0.0396851 -0.0530208 -0.0858437 -0.0666376 -0.0626588 0.1058153 -0.0162073 -0.0035619 -0.0851068 -0.0814267 -0.0649134 -0.0161854 0.8071396 -0.0149938 -0.0222682 0.1612831 -0.0765121 -0.0096458 -0.0771508 -0.0492286 -0.0744056 -0.0005937 -0.0511923 -0.0050402 0.0512739 -0.0601407 -0.0381173 -0.0613647 -0.0296798
0.0076952 0.0529963 -0.0127096 0.0405420 -0.0296937 0.0233996 -0.0222060 -0.0139982 0.0585488 -0.0754867 0.0536196 -0.0088417 -0.0285436 -0.0402450 0.0580153 -0.0786490 0.0088060 -0.0390518 0.0565058 0.0015955 -0.0499789 1.0065389 -0.0796779 0.0613089 -0.0716783 -0.0175216 -0.0528830 -0.0309801 0.0686528 -0.0841940 0.0509074 -0.0410622 -0.0470868 -0.0122135 -0.0530382 -0.0729922 0.0567269 -0.0438507 -0.0128752 -0.0214479 0.0697025 0.0062603 0.0608665 -0.0852182 -0.0482417 -0.0548149 0.0560328 0.0562591 0.0432834 -0.0528272 -0.0488125 -0.0819734 -0.0405248 -0.0741136 0.0569484 -0.0468830 0.0637130 -0.0103933 0.0579701 -0.0780742 -0.0244232 -0.0507870 -0.0853931 0.0576451 -0.0210528 0.0595923 -0.0571763
0.0022138 -0.0747051 -0.0579983 0.0269945 -0.0691398 -0.0691387 -0.0437858 -0.0582479 -0.0625652 -0.0134849 -0.0749490 -0.0506385 0.0078309 -0.0168953 -0.0773610 0.0373713 -0.0519556 -0.0014329 -0.0776887 -0.0215339 0.0100756 -0.0796779 1.3788999 -0.0506044 0.0174488 -0.0294292 -0.0019089 -0.0018228 -0.0785990 -0.0194228 -0.0462632 0.2191845 0.0368136 -0.0339663 -0.0115425 0.0190992 0.0006881 0.0253031 -0.0395759 -0.0625156 -0.0723640 -0.0509852 -0.0367594 -0.0209730 -0.0044403 -0.0106567 -0.0394215 -0.0103225 -0.0766038 -0.0057066 0.0077229 0.4726394 -0.0833852 0.0168969 -0.0516725 -0.0135858 -0.0769224 -0.0420308 -0.0645752 0.0303714 -0.0252839 0.0046109 -0.0149133 -0.0667567 -0.0377083 -0.0763682 0.2574273
-0.0310721 0.0252856 -0.0018696 0.0571227 -0.0545026 0.0067438 -0.0086173 0.0001661 0.0574568 -0.0925656 0.0504087 -0.0447993 -0.0305003 -0.0398923 0.0480140 -0.0740825 -0.0040321 -0.0303383 0.0532441 0.0035724 -0.0581101 0.0613089 -0.0506044 1.0079442 -0.0766152 0.0178492 -0.0596474 -0.0228381 0.0575777 -0.0727565 0.0485569 -0.0554964 -0.0607830 0.0007215 -0.0546952 -0.0774063 0.0495931 -0.0584114 -0.0020920 -0.0250595 0.0684079 -0.0060724 0.0563633 -0.0726860 -0.0474267 -0.0474590 0.0576045 0.0632209 0.0439673 -0.0629778 -0.0580674 -0.0466334 -0.0684652 -0.0771284 0.0561998 -0.0453620 0.0521659 -0.0029113 0.0597296 -0.0723197 0.0134597 -0.0430290 -0.0730561 0.0636876 0.0129071 0.0514471 -0.0372413
-0.0441809 -0.0776895 -0.0589723 -0.0680663 -0.0580284 -0.0663935 -0.0395079 -0.0598394 -0.0400001 0.0096269 -0.0710882 -0.0478517 -0.0630881 -0.0195148 -0.0707383 0.0059295 -0.0722947 -0.0261505 -0.0786678 -0.0426015 0.0544259 -0.0716783 0.0174488 -0.0766152 1.4389017 -0.0514459 -0.0209975 -0.0150963 -0.0827574 0.0941649 -0.0707971 -0.0041880 -0.0018987 -0.0329142 -0.0198611 0.7435118 -0.0858513 -0.0201278 -0.0523687 -0.0581549 -0.0630996 -0.0686820 -0.0695061 0.0798002 -0.0193795 -0.0103018 -0.0804770 -0.0801186 -0.0780015 -0.0185776 0.0602114 -0.0075631 -0.0395489 0.4894269 -0.0821697 -0.0142007 -0.0751717 -0.0461384 -0.0727936 -0.0016493 -0.0538494 -0.0041794 0.1126127 -0.0660943 -0.0518569 -0.0642544 -0.0481865
-0.0463438 -0.0543765 0.2737508 0.0532531 -0.0179439 -0.0231394 -0.0214035 -0.0035474 0.0349240 -0.0281437 -0.0289715 -0.0240077 -0.0381882 -0.0370741 -0.0014707 -0.0504093 -0.0213806 -0.0506177 -0.0185063 -0.0277569 -0.0536406 -0.0175216 -0.0294292 0.0178492 -0.0514459 1.2095774 -0.0235206 -0.0345552 -0.0435051 -0.0433255 -0.0338432 -0.0552596 -0.0365588 -0.0227360 -0.0375651 -0.0511076 -0.0532504 -0.0355939 -0.0215845 -0.0285512 -0.0222264 -0.0221928 -0.0305744 -0.0465958 -0.0435417 -0.0278515 -0.0250499 -0.0050852 -0.0191004 -0.0296662 -0.0592248 -0.0190249 -0.0304329 -0.0478520 -0.0322209 -0.0373425 -0.0399170 -0.0031975 0.0173716 -0.0475460 0.3284760 -0.0250108 -0.0430987 -0.0036656 0.3204373 -0.0194575 -0.0308304
0.0152782 -0.0831658 -0.0388395 -0.0153702 -0.0346338 -0.0749417 -0.0218087 0.0063184 -0.0261789 -0.0671985 -0.0296221 -0.0022260 -0.0592053 -0.0324265 -0.0261648 -0.0285167 -0.0397225 0.0277198 -0.0756517 -0.0509527 -0.0134120 -0.0528830 -0.0019089 -0.0596474 -0.0209975 -0.0235206 1.3234086 -0.0338936 -0.0676227 -0.0164354 -0.0635490 0.0146950 0.0007256 -0.0170274 0.0759064 -0.0233352 -0.0822543 0.0036292 -0.0544303 0.3100483 0.0227857 -0.0393680 -0.0251120 -0.0142661 -0.0180145 -0.0072512 -0.0290207 -0.0508206 -0.0357469 0.4539031 -0.0185962 0.0076336 0.0524371 -0.0149778 -0.0536141 -0.0249030 -0.0478634 -0.0396371 -0.0278308 -0.0292899 -0.0290895 -0.0007253 -0.0201974 -0.0553675 -0.0282177 -0.0438944 -0.0115377
-0.0099324 -0.1049542 -0.0533242 -0.0435402 -0.0681924 0.1113818 -0.0363204 0.1112983 -0.1004308 0.0019162 -0.0352956 -0.0611332 -0.0367058 0.0849778 -0.0474452 -0.0095596 -0.0539928 -0.0141122 -0.0487911 0.1688609 -0.0090858 -0.0309801 -0.0018228 -0.0228381 -0.0150963 -0.0345552 -0.0338936 1.1586908 -0.0632747 -0.0184793 -0.0598297 0.0643195 -0.0071958 -0.0296970 0.0312383 -0.0192559 -0.0686180 -0.0079348 0.1692542 0.0108598 -0.0359127 -0.0536224 -0.0665588 -0.0140254 0.0652340 0.1085633 -0.0672820 -0.0520327 -0.0011729 -0.0361745 -0.0073844 -0.0167158 -0.0622995 -0.0064633 -0.0460682 0.0772100 -0.0700865 0.0116216 0.0030856 -0.0092781 -0.0323660 0.0999240 -0.0124257 0.0099738 -0.0400987 -0.0212798 -0.0152210
0.0082091 0.0807251 -0.0321373 0.0389830 -0.0175132 0.0054045 -0.0293597 -0.0368165 0.0728478 -0.0630145 0.0578425 0.0041301 -0.0174922 -0.0599374 0.0624278 -0.0317492 -0.0275689 -0.0463173 0.0669877 -0.0329789 -0.0711949 0.0686528 -0.0785990 0.0575777 -0.0827574 -0.0435051 -0.0676227 -0.0632747 1.0370121 -0.0643146 0.0663290 -0.0524002 0.0252637 -0.0220382 -0.0509530 -0.0837782 0.0785047 0.0313597 -0.0462102 -0.0383091 0.0704976 -0.0301382 0.0748961 -0.0611799 -0.0619973 -0.0715484 0.0710042 0.0680196 0.0414790 -0.0694435 -0.0700811 -0.0790487 -0.0259839 -0.0839790 0.0697177 -0.0666401 0.0813031 -0.0200631 0.0511763 -0.0296375 -0.0501542 -0.0725310 -0.0617455 0.0545035 -0.0473083 0.0669813 -0.0559210
-0.0372650 -0.0679634 -0.0627839 -0.0792299 -0.0400858 -0.0235264 -0.0421753 -0.0452755 -0.0938622 -0.0611861 -0.0812446 -0.0301393 -0.0185551 -0.0266138 -0.0770699 -0.0048138 -0.0694830 -0.0177075 -0.0650841 -0.0418309 0.0973955 -0.0841940 -0.0194228 -0.0727565 0.0941649 -0.0433255 -0.0164354 -0.0184793 -0.0643146 1.3952928 -0.0770484 -0.0028317 -0.0206888 -0.0440785 0.0125686 0.0993434 -0.0593343 -0.0160585 -0.0525470 -0.0523494 -0.0740527 -0.0680030 -0.0728090 0.5554386 -0.0207594 -0.0068531 -0.0519373 -0.0622853 -0.0722255 -0.0217056 0.0998656 -0.0070944 -0.0381316 0.1315673 -0.0563845 -0.0250790 -0.0640749 -0.0246916 -0.0715035 -0.0044399 -0.0384094 -0.0005861 0.5343986 -0.0795470 -0.0519119 -0.0891894 -0.0129004
-0.0534617 0.0552819 -0.0443127 0.0500781 0.0151291 -0.0425835 -0.0227720 -0.0098685 0.0673815 -0.0141672 0.0555640 -0.0250304 0.0320512 -0.0375685 0.0417471 -0.0316046 -0.0069400 -0.0318187 0.0487825 -0.0430429 -0.0730705 0.0509074 -0.0462632 0.0485569 -0.0707971 -0.0338432 -0.0635490 -0.0598297 0.0663290 -0.0770484 1.0191408 -0.0968405 -0.0573038 -0.0178798 -0.0457056 -0.0716489 0.0717819 -0.0582528 -0.0203847 -0.0213063 0.0523917 -0.0085578 0.0704367 -0.0769279 -0.0377524 -0.0644674 0.0693892 0.0710392 0.0425496 -0.0647788 -0.0721306 -0.0371299 -0.0088751 -0.0739342 0.0703030 -0.0405586 0.0675304 -0.0336161 0.0384553 -0.0297107 -0.0390693 -0.0599194 -0.0728889 0.0523358 -0.0346095 0.0480470 0.0020926
0.3155732 0.0036370 0.0268658 -0.0656384 -0.0574001 0.1838263 -0.0724845 -0.0777340 -0.0953408 -0.0931066 -0.0868747 0.1426958 -0.0984291 -0.0038452 -0.0190005 0.0194384 -0.0506255 -0.0343494 -0.0604854 0.0952318 -0.0063977 -0.0410622 0.2191845 -0.0554964 -0.0041880 -0.0552596 0.0146950 0.0643195 -0.0524002 -0.0028317 -0.0968405 1.3675715 -0.0094180 -0.0541674 -0.0153288 -0.0061147 -0.0373022 -0.0039853 -0.0387639 -0.0593352 -0.0422137 -0.0521441 -0.0700318 0.0017162 -0.0124683 0.0376419 -0.0893386 -0.0821142 -0.0779110 0.0196118 -0.0039965 0.1832738 -0.0272771 -0.0050258 -0.0886960 -0.0101815 -0.0635210 0.0045374 -0.0390630 0.0065922 -0.0607167 0.0380421 -0.0046114 -0.0822082 -0.0596571 -0.0300117 0.0268623
-0.0447824 -0.0470581 -0.0291705 -0.0609289 -0.0565618 -0.0232420 -0.0315864 -0.0500433 -0.0446744 0.1128647 -0.0460573 -0.0458019 -0.0511832 -0.0344798 -0.0540332 -0.0116221 -0.0456487 -0.0259379 -0.0255704 -0.0266344 -0.0192679 -0.0470868 0.0368136 -0.0607830 -0.0018987 -0.0365588 0.0007256 -0.0071958 0.0252637 -0.0206888 -0.0573038 -0.0094180 1.5269961 -0.0419424 0.0895330 -0.0066897 -0.0296232 0.8249153 -0.0360526 -0.0606791 -0.0492094 -0.0451943 -0.0513407 -0.0101357 -0.0129782 0.0005274 -0.0485932 -0.0484083 -0.0576209 -0.0009073 -0.0176738 -0.0065982 -0.0470686 0.0032759 -0.0468648 -0.0296728 -0.0471027 -0.0024795 -0.0511871 -0.0064839 -0.0276179 -0.0100738 -0.0137482 -0.0455839 -0.0486362 -0.0491255 -0.0471059
-0.0222401 0.0399073 -0.0238240 -0.0488329 -0.0464163 -0.0036167 0.4411033 -0.0106099 -0.0164989 -0.0429959 -0.0323261 -0.0408891 -0.0279022 -0.0269057 -0.0258281 -0.0349150 -0.0191263 0.2787474 0.0613098 -0.0184814 -0.0406476 -0.0122135 -0.0339663 0.0007215 -0.0329142 -0.0227360 -0.0170274 -0.0296970 -0.0220382 -0.0440785 -0.0178798 -0.0541674 -0.0419424 1.2664962 -0.0360160 -0.0364325 -0.0277557 -0.0402213 -0.0233490 -0.0354208 -0.0329685 -0.0206426 -0.0420016 -0.0459148 -0.0341899 -0.0405228 -0.0142548 -0.0379764 -0.0489425 -0.0199721 -0.0358302 -0.0058586 -0.0479690 -0.0470781 -0.0424629 -0.0287701 -0.0206894 0.2719049 -0.0482719 -0.0311108 -0.0241989 -0.0343428 -0.0496419 -0.0252087 -0.0237224 -0.0486907 -0.0357488
-0.0382098 -0.0628395 -0.0365319 -0.0500397 -0.0379968 -0.0599602 -0.0382302 -0.0311706 -0.0402504 -0.0524681 -0.0450913 -0.0173781 -0.0416524 0.2507975 -0.0450154 0.0304681 -0.0550637 -0.0083573 -0.0566559 -0.0475654 -0.0342509 -0.0530382 -0.0115425 -0.0546952 -0.0198611 -0.0375651 0.0759064 0.0312383 -0.0509530 0.0125686 -0.0457056 -0.0153288 0.0895330 -0.0360160 1.2037680 -0.0239726 -0.0535692 0.0890652 -0.0520894 0.0269881 -0.0471385 -0.0549879 -0.0413204 0.0106825 0.2972643 -0.0298004 -0.0394876 -0.0462608 -0.0472928 0.0744636 -0.0334427 -0.0057251 0.0049810 -0.0126647 -0.0439833 0.2786677 -0.0425761 -0.0320759 -0.0488360 0.0292572 -0.0314441 -0.0273500 0.0174906 -0.0542824 -0.0348796 -0.0451647 -0.0302933
-0.0458557 -0.0796802 -0.0605966 -0.0669174 -0.0594785 -0.0690623 -0.0432940 -0.0616647 -0.0381003 0.0086073 -0.0710980 -0.0498523 -0.0649833 -0.0230404 -0.0716462 0.0041380 -0.0739474 -0.0283623 -0.0813474 -0.0433390 0.0571139 -0.0729922 0.0190992 -0.0774063 0.7435118 -0.0511076 -0.0233352 -0.0192559 -0.0837782 0.0993434 -0.0716489 -0.0061147 -0.0066897 -0.0364325 -0.0239726 1.4898763 -0.0871047 -0.0268070 -0.0531058 -0.0584043 -0.0639149 -0.0707701 -0.0703200 0.0780281 -0.0245565 -0.0146651 -0.0804631 -0.0804529 -0.0789564 -0.0182880 0.0566473 -0.0096324 -0.0400659 0.5423110 -0.0825617 -0.0187435 -0.0764160 -0.0490957 -0.0738818 -0.0050939 -0.0553051 -0.0091721 0.1190484 -0.0662786 -0.0514038 -0.0643722 -0.0491600
-0.0057904 0.0871119 -0.0472953 0.0473621 0.0237476 -0.0252767 -0.0342625 -0.0491819 0.0688546 -0.0207862 0.0447517 0.0057818 0.0325098 -0.0422724 0.0485341 -0.0823367 -0.0237491 -0.0372968 0.0525830 -0.0485021 -0.0602629 0.0567269 0.0006881 0.0495931 -0.0858513 -0.0532504 -0.0822543 -0.0686180 0.0785047 -0.0593343 0.0717819 -0.0373022 -0.0296232 -0.0277557 -0.0535692 -0.0871047 1.0419692 -0.0279609 -0.0500682 -0.0604189 0.0566799 -0.0267505 0.0775075 -0.0586325 -0.0408512 -0.0575011 0.0751554 0.0759109 0.0189911 -0.0833266 -0.0594194 0.0062775 -0.0153303 -0.0852308 0.0758642 -0.0468702 0.0721773 -0.0373428 0.0355084 -0.0832774 -0.0612516 -0.0472626 -0.0583422 0.0402006 -0.0579233 0.0456259 0.0211321
-0.0374112 -0.0424029 -0.0251322 -0.0614441 -0.0575172 -0.0180204 -0.0326259 -0.0537202 -0.0441350 0.1026879 -0.0448396 -0.0403272 -0.0542256 -0.0361521 -0.0496706 -0.0133384 -0.0424861 -0.0267861 -0.0209454 -0.0286060 -0.0159558 -0.0438507 0.0253031 -0.0584114 -0.0201278 -0.0355939 0.0036292 -0.0079348 0.0313597 -0.0160585 -0.0582528 -0.0039853 0.8249153 -0.0402213 0.0890652 -0.0268070 -0.0279609 1.5514117 -0.0396787 -0.0603690 -0.0457561 -0.0424233 -0.0502906 -0.0050067 -0.0179146 -0.0024120 -0.0468905 -0.0467682 -0.0566836 0.0006967 -0.0153883 -0.0115531 -0.0468977 -0.0132753 -0.0458320 -0.0297427 -0.0439695 -0.0001267 -0.0491497 -0.0078886 -0.0256770 -0.0133031 -0.0117759 -0.0457307 -0.0473949 -0.0462466 -0.0509511
-0.0663310 -0.1090681 -0.0583660 -0.0009268 -0.0126070 0.1278593 -0.0235760 0.2359214 -0.0888757 0.1560609 0.0089442 -0.0847923 0.0578765 -0.0263938 -0.0418315 -0.0479634 -0.0265266 -0.0278472 -0.0326436 0.2333937 -0.0396851 -0.0128752 -0.0395759 -0.0020920 -0.0523687 -0.0215845 -0.0544303 0.1692542 -0.0462102 -0.0525470 -0.0203847 -0.0387639 -0.0360526 -0.0233490 -0.0520894 -0.0531058 -0.0500682 -0.0396787 1.2585238 0.0752288 -0.0320871 -0.0257270 -0.0428351 -0.0473136 -0.0431599 -0.0525469 -0.0483075 -0.0190188 0.0575389 -0.0506564 -0.0404715 -0.0534332 -0.0203058 -0.0416198 -0.0155609 -0.0285804 -0.0554767 0.0203843 0.0346507 -0.0511995 -0.0168382 -0.0540994 -0.0501954 0.0597302 -0.0283484 0.0053518 0.0425615
-0.0378207 -0.0898040 -0.0613941 0.0137693 -0.0259755 -0.0310138 -0.0402514 0.1108126 -0.0217839 -0.0075817 0.0177260 -0.0439915 -0.0143873 -0.0501078 -0.0125610 0.0155981 -0.0362830 -0.0073357 -0.0501515 0.0282569 -0.0530208 -0.0214479 -0.0625156 -0.0250595 -0.0581549 -0.0285512 0.3100483 0.0108598 -0.0383091 -0.0523494 -0.0213063 -0.0593352 -0.0606791 -0.0354208 0.0269881 -0.0584043 -0.0604189 -0.0603690 0.0752288 1.2386087 0.0307007 -0.0361705 -0.0021057 -0.0470460 -0.0496392 -0.0561478 -0.0088131 -0.0166121 0.0357600 0.3259028 -0.0582671 -0.0567646 0.0481713 -0.0502389 -0.0173427 -0.0487720 -0.0243532 -0.0395502 0.0160825 0.0146728 -0.0316513 -0.0569415 -0.0496490 0.0087075 -0.0328607 0.0025315 -0.0062541
-0.0065399 0.0365547 -0.0358688 0.0560519 -0.0465447 0.0003647 -0.0511924 -0.0185245 0.0682402 -0.1122797 0.0580400 -0.0247327 -0.0419504 -0.0538867 0.0648663 -0.0992441 -0.0111230 -0.0454268 0.0481998 -0.0123283 -0.0858437 0.0697025 -0.0723640 0.0684079 -0.0630996 -0.0222264 0.0227857 -0.0359127 0.0704976 -0.0740527 0.0523917 -0.0422137 -0.0492094 -0.0329685 -0.0471385 -0.0639149 0.0566799 -0.0457561 -0.0320871 0.0307007 1.0490415 -0.0134086 0.0754509 -0.0741708 -0.0610326 -0.0053419 0.0723534 0.0688014 0.0419225 0.0231437 -0.0869483 -0.0698571 -0.0528247 -0.0714652 0.0683998 -0.0604990 0.0698644 -0.0361084 0.0680918 -0.0979216 -0.0325890 0.0005656 -0.0731559 0.0633496 -0.0310152 0.0620655 -0.0565268
-0.0277991 -0.0389101 -0.0212053 -0.0150119 -0.0273158 -0.0364151 -0.0363950 -0.0331951 -0.0352835 -0.0437168 0.0745389 -0.0182424 -0.0163887 -0.0436712 -0.0110132 -0.0546591 0.9226051 -0.0395945 -0.0180012 -0.0391391 -0.0666376 0.0062603 -0.0509852 -0.0060724 -0.0686820 -0.0221928 -0.0393680 -0.0536224 -0.0301382 -0.0680030 -0.0085578 -0.0521441 -0.0451943 -0.0206426 -0.0549879 -0.0707701 -0.0267505 -0.0424233 -0.0257270 -0.0361705 -0.0134086 1.4832646 -0.0244224 -0.0708270 -0.0498110 -0.0530239 -0.0218835 -0.0195759 0.1264056 -0.0410583 -0.0653142 -0.0555017 -0.0362031 -0.0704064 -0.0136640 -0.0447552 0.0146725 -0.0329406 -0.0214296 -0.0554202 -0.0223011 -0.0515657 -0.0694861 -0.0226898 -0.0249959 -0.0114210 -0.0409765
-0.0342059 0.0538061 -0.0409288 0.0617658 -0.0124110 -0.0402063 -0.0560564 -0.0273435 0.0781492 -0.0636368 0.0584422 -0.0223294 0.0020815 -0.0436854 0.0544074 -0.0640965 -0.0226975 -0.0535457 0.0474824 -0.0478386 -0.0626588 0.0608665 -0.0367594 0.0563633 -0.0695061 -0.0305744 -0.0251120 -0.0665588 0.0748961 -0.0728090 0.0704367 -0.0700318 -0.0513407 -0.0420016 -0.0413204 -0.0703200 0.0775075 -0.0502906 -0.0428351 -0.0021057 0.0754509 -0.0244224 1.0310428 -0.0743629 -0.0421323 -0.0655538 0.0799160 0.0791726 0.0392974 -0.0247223 -0.0636630 -0.0316600 -0.0270119 -0.0733288 0.0753252 -0.0472542 0.0744526 -0.0538021 0.0519281 -0.0631270 -0.0379810 -0.0582225 -0.0722975 0.0555817 -0.0348481 0.0560672 -0.0094599
-0.0324434 -0.0666133 -0.0640045 -0.0792132 -0.0433994 -0.0171820 -0.0421884 -0.0419805 -0.0967301 -0.0629523 -0.0811537 -0.0292324 -0.0206295 -0.0286611 -0.0779818 0.0038313 -0.0720439 -0.0201704 -0.0641369 -0.0355605 0.1058153 -0.0852182 -0.0209730 -0.0726860 0.0798002 -0.0465958 -0.0142661 -0.0140254 -0.0611799 0.5554386 -0.0769279 0.0017162 -0.0101357 -0.0459148 0.0106825 0.0780281 -0.0586325 -0.0050067 -0.0473136 -0.0470460 -0.0741708 -0.0708270 -0.0743629 1.4025337 -0.0254411 -0.0087558 -0.0518010 -0.0615542 -0.0698311 -0.0200611 0.1046147 -0.0104989 -0.0392705 0.1177416 -0.0566390 -0.0279292 -0.0637908 -0.0221162 -0.0708652 0.0041960 -0.0373357 -0.0075203 0.5302110 -0.0778666 -0.0537967 -0.0870663 -0.0144455
-0.0479847 -0.0506908 -0.0344427 -0.0542766 -0.0194637 -0.0558658 -0.0360890 -0.0399965 -0.0425409 -0.0516013 -0.0520252 -0.0123405 -0.0243560 0.4008388 -0.0483911 -0.0152358 -0.0498795 -0.0098284 -0.0550105 -0.0390045 -0.0162073 -0.0482417 -0.0044403 -0.0474267 -0.0193795 -0.0435417 -0.0180145 0.0652340 -0.0619973 -0.0207594 -0.0377524 -0.0124683 -0.0129782 -0.0341899 0.2972643 -0.0245565 -0.0408512 -0.0179146 -0.0431599 -0.0496392 -0.0610326 -0.0498110 -0.0421323 -0.0254411 1.3362045 -0.0196222 -0.0390957 -0.0416525 -0.0574863 -0.0227911 -0.0143129 0.0042081 -0.0046279 -0.0153686 -0.0368686 0.4630929 -0.0427904 -0.0328949 -0.0540540 -0.0147127 -0.0380891 -0.0104016 -0.0132259 -0.0540868 -0.0352934 -0.0488579 -0.0200029
-0.0609900 -0.0484106 -0.0638811 -0.0789647 0.0296357 -0.0439862 -0.0425670 -0.0498983 -0.0696443 -0.0217268 -0.0701314 -0.0441354 -0.0321368 0.0039691 -0.0489269 0.0738614 -0.0534314 0.0496955 -0.0535052 -0.0160568 -0.0035619 -0.0548149 -0.0106567 -0.0474590 -0.0103018 -0.0278515 -0.0072512 0.1085633 -0.0715484 -0.0068531 -0.0644674 0.0376419 0.0005274 -0.0405228 -0.0298004 -0.0146651 -0.0575011 -0.0024120 -0.0525469 -0.0561478 -0.0053419 -0.0530239 -0.0655538 -0.0087558 -0.0196222 1.5193810 -0.0405836 -0.0623659 -0.0798663 -0.0064655 -0.0053746 -0.0044783 -0.0408106 -0.0011984 -0.0297533 -0.0139443 -0.0580546 -0.0539727 -0.0452856 0.0915839 -0.0338985 0.7040418 0.0019886 -0.0431739 -0.0343738 -0.0744825 -0.0434293
-0.0572558 0.0518617 -0.0470071 0.0607379 -0.0126406 -0.0542387 -0.0225407 -0.0287829 0.0759429 -0.0671603 0.0542630 -0.0373009 0.0067122 -0.0415228 0.0469476 -0.0724593 -0.0196998 -0.0262915 0.0505263 -0.0558570 -0.0851068 0.0560328 -0.0394215 0.0576045 -0.0804770 -0.0250499 -0.0290207 -0.0672820 0.0710042 -0.0519373 0.0693892 -0.0893386 -0.0485932 -0.0142548 -0.0394876 -0.0804631 0.0751554 -0.0468905 -0.0483075 -0.0088131 0.0723534 -0.0218835 0.0799160 -0.0518010 -0.0390957 -0.0405836 1.0249832 0.0804446 0.0326578 -0.0300042 -0.0858250 -0.0242154 -0.0372694 -0.0819437 0.0771336 -0.0457435 0.0711369 -0.0341205 0.0462563 -0.0712859 -0.0310015 -0.0338099 -0.0487638 0.0541405 -0.0313961 0.0460500 -0.0066774
-0.0672113 0.0328320 -0.0367775 0.0769483 -0.0255168 -0.0455914 -0.0516140 -0.0107063 0.0732519 -0.0611493 0.0566339 -0.0513700 0.0089195 -0.0431087 0.0445602 -0.0775942 -0.0183048 -0.0523891 0.0458468 -0.0340471 -0.0814267 0.0562591 -0.0103225 0.0632209 -0.0801186 -0.0050852 -0.0508206 -0.0520327 0.0680196 -0.0622853 0.0710392 -0.0821142 -0.0484083 -0.0379764 -0.0462608 -0.0804529 0.0759109 -0.0467682 -0.0190188 -0.0166121 0.0688014 -0.0195759 0.0791726 -0.0615542 -0.0416525 -0.0623659 0.0804446 1.0287485 0.0432493 -0.0522831 -0.0812396 0.0001594 -0.0532415 -0.0806512 0.0792827 -0.0466820 0.0649968 -0.0468150 0.0572843 -0.0763624 -0.0099433 -0.0552366 -0.0568510 0.0639940 -0.0115224 0.0504538 0.0129573
-0.0490339 -0.0205268 -0.0426699 0.0420194 -0.0533651 0.0114086 -0.0629542 0.0558109 0.0224484 -0.0530211 0.0736419 -0.0560668 -0.0182316 -0.0493810 0.0294001 0.0347386 0.1227334 -0.0690911 0.0249405 0.0327026 -0.0649134 0.0432834 -0.0766038 0.0439673 -0.0780015 -0.0191004 -0.0357469 -0.0011729 0.0414790 -0.0722255 0.0425496 -0.0779110 -0.0576209 -0.0489425 -0.0472928 -0.0789564 0.0189911 -0.0566836 0.0575389 0.0357600 0.0419225 0.1264056 0.0392974 -0.0698311 -0.0574863 -0.0798663 0.0326578 0.0432493 1.0432304 -0.0368288 -0.0649090 -0.0788950 -0.0391825 -0.0731051 0.0412256 -0.0551668 0.0414653 -0.0378853 0.0548675 0.0350311 -0.0207817 -0.0883219 -0.0670492 0.0637915 -0.0236018 0.0577216 -0.0374008
0.0217305 -0.0832445 -0.0446747 -0.0166468 -0.0268239 -0.0731071 -0.0234699 0.0102637 -0.0275280 -0.0594142 -0.0293608 0.0042019 -0.0561107 -0.0350717 -0.0263066 -0.0334078 -0.0419077 0.0304041 -0.0786345 -0.0486100 -0.0161854 -0.0528272 -0.0057066 -0.0629778 -0.0185776 -0.0296662 0.4539031 -0.0361745 -0.0694435 -0.0217056 -0.0647788 0.0196118 -0.0009073 -0.0199721 0.0744636 -0.0182880 -0.0833266 0.0006967 -0.0506564 0.3259028 0.0231437 -0.0410583 -0.0247223 -0.0200611 -0.0227911 -0.0064655 -0.0300042 -0.0522831 -0.0368288 1.3585498 -0.0209190 0.0026689 0.0622810 -0.0126710 -0.0546817 -0.0276682 -0.0487319 -0.0412630 -0.0276593 -0.0369040 -0.0362906 0.0016677 -0.0247747 -0.0569334 -0.0351957 -0.0433557 -0.0093114
-0.0445478 -0.0439281 -0.0087839 -0.0624714 -0.0551384 -0.0577090 -0.0294780 -0.0592656 -0.0651028 -0.0186607 -0.0615280 -0.0495175 -0.0595179 -0.0136535 -0.0651418 0.0032657 -0.0652363 -0.0193335 -0.0458577 -0.0486456 0.8071396 -0.0488125 0.0077229 -0.0580674 0.0602114 -0.0592248 -0.0185962 -0.0073844 -0.0700811 0.0998656 -0.0721306 -0.0039965 -0.0176738 -0.0358302 -0.0334427 0.0566473 -0.0594194 -0.0153883 -0.0404715 -0.0582671 -0.0869483 -0.0653142 -0.0636630 0.1046147 -0.0143129 -0.0053746 -0.0858250 -0.0812396 -0.0649090 -0.0209190 1.5126719 -0.0179408 -0.0223532 0.1604747 -0.0763118 -0.0079464 -0.0759131 -0.0457177 -0.0757525 0.0001955 -0.0581430 -0.0078885 0.0464566 -0.0595251 -0.0432506 -0.0613179 -0.0323931
-0.0250956 -0.0709619 -0.0612022 0.0347977 -0.0600865 -0.0970564 -0.0123676 -0.0606149 -0.0542399 -0.0262530 -0.0738310 -0.0590075 0.0232580 -0.0084003 -0.0795889 0.0370565 -0.0553267 0.0249332 -0.0712921 -0.0460185 -0.0149938 -0.0819734 0.4726394 -0.0466334 -0.0075631 -0.0190249 0.0076336 -0.0167158 -0.0790487 -0.0070944 -0.0371299 0.1832738 -0.0065982 -0.0058586 -0.0057251 -0.0096324 0.0062775 -0.0115531 -0.0534332 -0.0567646 -0.0698571 -0.0555017 -0.0316600 -0.0104989 0.0042081 -0.0044783 -0.0242154 0.0001594 -0.0788950 0.0026689 -0.0179408 1.3864826 -0.0800707 -0.0084201 -0.0435331 -0.0060431 -0.0730735 -0.0306927 -0.0688245 0.0359951 -0.0135983 0.0185556 -0.0021017 -0.0673343 -0.0266026 -0.0828938 0.2722915
0.0741585 0.0712520 0.0425247 -0.0609738 0.2207239 -0.0199353 -0.0282822 -0.0079018 -0.0118188 0.2384676 -0.0291605 0.1473612 0.1235748 -0.0134694 -0.0156426 0.0423044 -0.0342677 -0.0137551 -0.0385491 -0.0577420 -0.0222682 -0.0405248 -0.0833852 -0.0684652 -0.0395489 -0.0304329 0.0524371 -0.0622995 -0.0259839 -0.0381316 -0.0088751 -0.0272771 -0.0470686 -0.0479690 0.0049810 -0.0400659 -0.0153303 -0.0468977 -0.0203058 0.0481713 -0.0528247 -0.0362031 -0.0270119 -0.0392705 -0.0046279 -0.0408106 -0.0372694 -0.0532415 -0.0391825 0.0622810 -0.0223532 -0.0800707 1.1920837 -0.0321106 -0.0265846 -0.0062372 -0.0106276 -0.0447447 -0.0592279 0.0390663 -0.0312477 -0.0414839 -0.0409457 -0.0653566 -0.0135629 -0.0273642 0.0177003
-0.0478363 -0.0811414 -0.0517594 -0.0685563 -0.0549826 -0.0619428 -0.0531970 -0.0506368 -0.0530703 0.0104371 -0.0704995 -0.0480263 -0.0569190 -0.0166326 -0.0743262 0.0213269 -0.0740004 -0.0317360 -0.0798686 -0.0357692 0.1612831 -0.0741136 0.0168969 -0.0771284 0.4894269 -0.0478520 -0.0149778 -0.0064633 -0.0839790 0.1315673 -0.0739342 -0.0050258 0.0032759 -0.0470781 -0.0126647 0.5423110 -0.0852308 -0.0132753 -0.0416198 -0.0502389 -0.0714652 -0.0704064 -0.0733288 0.1177416 -0.0153686 -0.0011984 -0.0819437 -0.0806512 -0.0731051 -0.0126710 0.1604747 -0.0084201 -0.0321106 1.3091326 -0.0815633 -0.0117151 -0.0786035 -0.0512030 -0.0733834 0.0159476 -0.0492770 -0.0000712 0.1410274 -0.0662657 -0.0471207 -0.0666276 -0.0374042
-0.0549796 0.0479331 -0.0483069 0.0560593 0.0044400 -0.0343300 -0.0527778 -0.0092797 0.0668468 -0.0331281 0.0566967 -0.0313708 0.0234753 -0.0364963 0.0460316 -0.0780312 -0.0125059 -0.0487129 0.0453034 -0.0312594 -0.0765121 0.0569484 -0.0516725 0.0561998 -0.0821697 -0.0322209 -0.0536141 -0.0460682 0.0697177 -0.0563845 0.0703030 -0.0886960 -0.0468648 -0.0424629 -0.0439833 -0.0825617 0.0758642 -0.0458320 -0.0155609 -0.0173427 0.0683998 -0.0136640 0.0753252 -0.0566390 -0.0368686 -0.0297533 0.0771336 0.0792827 0.0412256 -0.0546817 -0.0763118 -0.0435331 -0.0265846 -0.0815633 1.0164219 -0.0407570 0.0685224 -0.0499104 0.0513227 -0.0765702 -0.0370685 -0.0237497 -0.0534632 0.0595988 -0.0366201 0.0503680 -0.0050050
